0 0.5257311121191336 0.85065080835204
0 0.5257311121191336 -0.85065080835204
0 -0.5257311121191336 0.85065080835204
0 -0.5257311121191336 -0.85065080835204
0.5257311121191336 0.85065080835204 0
0.5257311121191336 -0.85065080835204 0
-0.5257311121191336 0.85065080835204 0
-0.5257311121191336 -0.85065080835204 0
0.85065080835204 0 0.5257311121191336
0.85065080835204 0 -0.5257311121191336
-0.85065080835204 0 0.5257311121191336
-0.85065080835204 0 -0.5257311121191336
1.710651612761113e-16 0.1834794080019837 0.9830235535526306
1.710651612761113e-16 -0.1834794080019837 0.9830235535526306
0.2120312799176223 0.7385845055044615 0.6399497359677749
0.395510687919606 0.851981015885397 0.3430738175848557
-0.2120312799176222 0.7385845055044614 0.6399497359677749
-0.395510687919606 0.851981015885397 0.3430738175848559
0.3430738175848559 0.3955106879196058 0.851981015885397
0.639949735967775 0.2120312799176222 0.7385845055044615
-0.3430738175848558 0.3955106879196056 0.851981015885397
-0.6399497359677749 0.2120312799176222 0.7385845055044615
1.710651612761113e-16 0.1834794080019837 -0.9830235535526306
1.710651612761113e-16 -0.1834794080019837 -0.9830235535526306
0.2120312799176222 0.7385845055044614 -0.6399497359677749
0.395510687919606 0.851981015885397 -0.3430738175848559
-0.2120312799176223 0.7385845055044615 -0.6399497359677749
-0.395510687919606 0.851981015885397 -0.3430738175848557
0.3430738175848559 0.3955106879196058 -0.851981015885397
0.6399497359677748 0.2120312799176222 -0.7385845055044616
-0.3430738175848559 0.3955106879196058 -0.851981015885397
-0.639949735967775 0.2120312799176222 -0.7385845055044615
0.2120312799176223 -0.7385845055044618 0.6399497359677748
0.395510687919606 -0.851981015885397 0.3430738175848558
-0.2120312799176223 -0.7385845055044615 0.6399497359677749
-0.395510687919606 -0.851981015885397 0.3430738175848557
0.3430738175848559 -0.3955106879196058 0.851981015885397
0.6399497359677748 -0.2120312799176221 0.7385845055044616
-0.3430738175848559 -0.3955106879196058 0.851981015885397
-0.639949735967775 -0.2120312799176222 0.7385845055044615
0.2120312799176221 -0.7385845055044616 -0.6399497359677748
0.3955106879196059 -0.851981015885397 -0.3430738175848558
-0.2120312799176223 -0.7385845055044618 -0.6399497359677748
-0.395510687919606 -0.851981015885397 -0.3430738175848558
0.3430738175848559 -0.3955106879196058 -0.851981015885397
0.6399497359677748 -0.2120312799176221 -0.7385845055044616
-0.3430738175848558 -0.3955106879196056 -0.851981015885397
-0.6399497359677749 -0.2120312799176222 -0.7385845055044615
0.1834794080019837 0.9830235535526306 1.291554171658225e-17
-0.1834794080019836 0.9830235535526306 -1.291554171658224e-17
0.7385845055044616 0.6399497359677748 0.2120312799176221
0.851981015885397 0.3430738175848559 0.3955106879196058
0.7385845055044616 0.6399497359677748 -0.2120312799176221
0.851981015885397 0.3430738175848558 -0.3955106879196058
0.1834794080019837 -0.9830235535526306 -1.291554171658225e-17
-0.1834794080019836 -0.9830235535526306 1.291554171658224e-17
0.7385845055044616 -0.6399497359677748 0.2120312799176221
0.851981015885397 -0.3430738175848558 0.3955106879196058
0.7385845055044616 -0.6399497359677748 -0.2120312799176221
0.851981015885397 -0.3430738175848559 -0.3955106879196058
-0.7385845055044616 0.6399497359677748 0.2120312799176221
-0.851981015885397 0.3430738175848558 0.3955106879196058
-0.7385845055044616 0.6399497359677749 -0.2120312799176222
-0.8519810158853971 0.3430738175848559 -0.3955106879196059
-0.7385845055044616 -0.6399497359677748 0.2120312799176221
-0.851981015885397 -0.3430738175848559 0.3955106879196058
-0.7385845055044616 -0.6399497359677748 -0.2120312799176221
-0.851981015885397 -0.3430738175848558 -0.3955106879196058
0.9830235535526306 1.710651612761113e-16 0.1834794080019837
0.9830235535526306 1.710651612761113e-16 -0.1834794080019837
-0.9830235535526306 -1.710651612761113e-16 0.1834794080019837
-0.9830235535526306 -1.710651612761113e-16 -0.1834794080019837
-0.119496032936196 0.374843742971558 -0.919354592345948
-0.2408723836637746 0.1975414971827029 -0.9502409440131212
-0.1235792137159473 4.048584027426369e-17 -0.992334710638174
-0.4579792781293658 0.2066706056476468 -0.8646052518724022
-0.3568220897730901 -1.504395599243588e-17 -0.9341723589627158
-0.2408723836637745 -0.1975414971827029 -0.9502409440131212
-0.1194960329361959 -0.3748437429715581 -0.919354592345948
-0.5605012402939294 -4.396158753665283e-17 -0.8281535845656691
-0.4579792781293658 -0.2066706056476468 -0.8646052518724022
-0.7260059495344064 -4.221333192052153e-17 -0.6876884187192956
-0.1194960329361959 0.3748437429715581 0.919354592345948
-0.2408723836637745 0.1975414971827029 0.9502409440131212
-0.4579792781293658 0.2066706056476468 0.8646052518724022
-0.1235792137159472 -4.066287467364639e-17 0.9923347106381738
-0.3568220897730901 1.54765558606782e-17 0.9341723589627158
-0.5605012402939294 4.436651845620571e-17 0.8281535845656691
-0.7260059495344064 4.239652577127846e-17 0.6876884187192956
-0.2408723836637745 -0.1975414971827029 0.9502409440131212
-0.4579792781293658 -0.2066706056476468 0.8646052518724022
-0.119496032936196 -0.374843742971558 0.9193545923459479
0.1933486428115418 -0.5681923857830995 0.7998585594097523
0.3897397037191919 -0.5872812009018947 0.7093685603493469
0.4066259737430364 -0.7410260381564551 0.5343554325088083
0.5343554325088081 -0.4066259737430364 0.7410260381564551
0.5773502691896258 -0.5773502691896257 0.5773502691896258
0.5872812009018947 -0.7093685603493468 0.3897397037191919
0.5681923857830997 -0.7998585594097523 0.1933486428115417
0.7093685603493469 -0.3897397037191918 0.5872812009018947
0.7410260381564551 -0.5343554325088082 0.4066259737430364
0.7998585594097523 -0.1933486428115418 0.5681923857830995
-0.1933486428115418 -0.5681923857830995 -0.7998585594097523
-0.3897397037191919 -0.5872812009018947 -0.7093685603493469
-0.4066259737430364 -0.7410260381564551 -0.5343554325088083
-0.5343554325088081 -0.4066259737430364 -0.7410260381564551
-0.5773502691896258 -0.5773502691896257 -0.5773502691896258
-0.5872812009018947 -0.7093685603493468 -0.3897397037191919
-0.5681923857830997 -0.7998585594097523 -0.1933486428115417
-0.7093685603493469 -0.3897397037191918 -0.5872812009018947
-0.7410260381564551 -0.5343554325088082 -0.4066259737430364
-0.7998585594097523 -0.1933486428115418 -0.5681923857830995
6.418739511202589e-17 0.6876884187192954 -0.7260059495344064
5.437354247954429e-17 0.8281535845656691 -0.5605012402939293
-0.2066706056476468 0.8646052518724022 -0.4579792781293658
0.2066706056476469 0.8646052518724022 -0.4579792781293658
6.364750612184411e-17 0.9341723589627158 -0.35682208977309
-0.1975414971827029 0.9502409440131212 -0.2408723836637745
-0.3748437429715581 0.919354592345948 -0.1194960329361958
0.1975414971827029 0.9502409440131212 -0.2408723836637744
-2.313476587100782e-18 0.9923347106381738 -0.1235792137159471
0.3748437429715581 0.9193545923459479 -0.1194960329361958
6.418739511202589e-17 -0.6876884187192954 0.7260059495344064
5.437354247954429e-17 -0.8281535845656691 0.5605012402939293
-0.2066706056476468 -0.8646052518724022 0.4579792781293658
0.2066706056476469 -0.8646052518724022 0.4579792781293658
6.364750612184411e-17 -0.9341723589627158 0.35682208977309
-0.1975414971827029 -0.9502409440131212 0.2408723836637745
-0.3748437429715581 -0.919354592345948 0.1194960329361958
0.1975414971827029 -0.9502409440131212 0.2408723836637744
-2.313476587100782e-18 -0.9923347106381738 0.1235792137159471
0.3748437429715581 -0.9193545923459479 0.1194960329361958
0.1933486428115418 -0.5681923857830997 -0.7998585594097523
0.389739703719192 -0.5872812009018948 -0.7093685603493466
0.5343554325088083 -0.4066259737430364 -0.741026038156455
0.4066259737430365 -0.7410260381564551 -0.5343554325088081
0.577350269189626 -0.5773502691896257 -0.5773502691896257
0.7093685603493468 -0.3897397037191919 -0.5872812009018947
0.7998585594097523 -0.1933486428115418 -0.5681923857830997
0.5872812009018948 -0.7093685603493468 -0.3897397037191918
0.741026038156455 -0.5343554325088083 -0.4066259737430364
0.5681923857830998 -0.7998585594097523 -0.1933486428115417
-6.418739511202589e-17 0.6876884187192954 0.7260059495344064
-5.437354247954429e-17 0.8281535845656691 0.5605012402939293
0.2066706056476468 0.8646052518724022 0.4579792781293658
-0.2066706056476469 0.8646052518724022 0.4579792781293658
-6.364750612184411e-17 0.9341723589627158 0.35682208977309
0.1975414971827029 0.9502409440131212 0.2408723836637745
0.3748437429715581 0.919354592345948 0.1194960329361958
-0.1975414971827029 0.9502409440131212 0.2408723836637744
2.313476587100782e-18 0.9923347106381738 0.1235792137159471
-0.3748437429715581 0.9193545923459479 0.1194960329361958
-0.1933486428115418 -0.5681923857830997 0.7998585594097523
-0.389739703719192 -0.5872812009018948 0.7093685603493466
-0.5343554325088083 -0.4066259737430364 0.741026038156455
-0.4066259737430365 -0.7410260381564551 0.5343554325088081
-0.577350269189626 -0.5773502691896257 0.5773502691896257
-0.7093685603493468 -0.3897397037191919 0.5872812009018947
-0.7998585594097523 -0.1933486428115418 0.5681923857830997
-0.5872812009018948 -0.7093685603493468 0.3897397037191918
-0.741026038156455 -0.5343554325088083 0.4066259737430364
-0.5681923857830998 -0.7998585594097523 0.1933486428115417
-6.418739511202589e-17 -0.6876884187192954 -0.7260059495344064
-5.437354247954429e-17 -0.8281535845656691 -0.5605012402939293
0.2066706056476468 -0.8646052518724022 -0.4579792781293658
-0.2066706056476469 -0.8646052518724022 -0.4579792781293658
-6.364750612184411e-17 -0.9341723589627158 -0.35682208977309
0.1975414971827029 -0.9502409440131212 -0.2408723836637745
0.3748437429715581 -0.919354592345948 -0.1194960329361958
-0.1975414971827029 -0.9502409440131212 -0.2408723836637744
2.313476587100782e-18 -0.9923347106381738 -0.1235792137159471
-0.3748437429715581 -0.9193545923459479 -0.1194960329361958
0.119496032936196 0.374843742971558 0.919354592345948
0.2408723836637746 0.1975414971827029 0.9502409440131212
0.1235792137159473 4.048584027426369e-17 0.992334710638174
0.4579792781293658 0.2066706056476468 0.8646052518724022
0.3568220897730901 -1.504395599243588e-17 0.9341723589627158
0.2408723836637745 -0.1975414971827029 0.9502409440131212
0.1194960329361959 -0.3748437429715581 0.919354592345948
0.5605012402939294 -4.396158753665283e-17 0.8281535845656691
0.4579792781293658 -0.2066706056476468 0.8646052518724022
0.7260059495344064 -4.221333192052153e-17 0.6876884187192956
0.1933486428115418 0.5681923857830997 0.7998585594097523
0.389739703719192 0.5872812009018948 0.7093685603493466
0.5343554325088083 0.4066259737430364 0.741026038156455
0.4066259737430365 0.7410260381564551 0.5343554325088081
0.577350269189626 0.5773502691896257 0.5773502691896257
0.7093685603493468 0.3897397037191919 0.5872812009018947
0.7998585594097523 0.1933486428115418 0.5681923857830997
0.5872812009018948 0.7093685603493468 0.3897397037191918
0.741026038156455 0.5343554325088083 0.4066259737430364
0.5681923857830998 0.7998585594097523 0.1933486428115417
0.6876884187192954 -0.7260059495344064 4.163506709969247e-17
0.8281535845656691 -0.5605012402939294 4.396158753665283e-17
0.8646052518724022 -0.4579792781293658 -0.2066706056476468
0.864605251872402 -0.4579792781293658 0.2066706056476468
0.9341723589627158 -0.3568220897730901 1.504395599243588e-17
0.9502409440131212 -0.2408723836637745 -0.1975414971827029
0.919354592345948 -0.119496032936196 -0.374843742971558
0.9502409440131212 -0.2408723836637745 0.1975414971827029
0.992334710638174 -0.1235792137159473 -4.048584027426369e-17
0.919354592345948 -0.119496032936196 0.3748437429715581
0.1933486428115418 0.5681923857830995 -0.7998585594097523
0.3897397037191919 0.5872812009018947 -0.7093685603493469
0.4066259737430364 0.7410260381564551 -0.5343554325088083
0.5343554325088081 0.4066259737430364 -0.7410260381564551
0.5773502691896258 0.5773502691896257 -0.5773502691896258
0.5872812009018947 0.7093685603493468 -0.3897397037191919
0.5681923857830997 0.7998585594097523 -0.1933486428115417
0.7093685603493469 0.3897397037191918 -0.5872812009018947
0.7410260381564551 0.5343554325088082 -0.4066259737430364
0.7998585594097523 0.1933486428115418 -0.5681923857830995
0.1194960329361959 0.3748437429715581 -0.919354592345948
0.2408723836637745 0.1975414971827029 -0.9502409440131212
0.4579792781293658 0.2066706056476468 -0.8646052518724022
0.1235792137159472 -4.066287467364639e-17 -0.9923347106381738
0.3568220897730901 1.54765558606782e-17 -0.9341723589627158
0.5605012402939294 4.436651845620571e-17 -0.8281535845656691
0.7260059495344064 4.239652577127846e-17 -0.6876884187192956
0.2408723836637745 -0.1975414971827029 -0.9502409440131212
0.4579792781293658 -0.2066706056476468 -0.8646052518724022
0.119496032936196 -0.374843742971558 -0.9193545923459479
0.6876884187192954 0.7260059495344064 -4.163506709969247e-17
0.8281535845656691 0.5605012402939294 -4.396158753665283e-17
0.8646052518724022 0.4579792781293658 0.2066706056476468
0.864605251872402 0.4579792781293658 -0.2066706056476468
0.9341723589627158 0.3568220897730901 -1.504395599243588e-17
0.9502409440131212 0.2408723836637745 0.1975414971827029
0.919354592345948 0.119496032936196 0.374843742971558
0.9502409440131212 0.2408723836637745 -0.1975414971827029
0.992334710638174 0.1235792137159473 4.048584027426369e-17
0.919354592345948 0.119496032936196 -0.3748437429715581
-0.1933486428115418 0.5681923857830995 0.7998585594097523
-0.3897397037191919 0.5872812009018947 0.7093685603493469
-0.4066259737430364 0.7410260381564551 0.5343554325088083
-0.5343554325088081 0.4066259737430364 0.7410260381564551
-0.5773502691896258 0.5773502691896257 0.5773502691896258
-0.5872812009018947 0.7093685603493468 0.3897397037191919
-0.5681923857830997 0.7998585594097523 0.1933486428115417
-0.7093685603493469 0.3897397037191918 0.5872812009018947
-0.7410260381564551 0.5343554325088082 0.4066259737430364
-0.7998585594097523 0.1933486428115418 0.5681923857830995
-0.6876884187192954 0.7260059495344064 4.163506709969247e-17
-0.8281535845656691 0.5605012402939294 4.396158753665283e-17
-0.8646052518724022 0.4579792781293658 -0.2066706056476468
-0.864605251872402 0.4579792781293658 0.2066706056476468
-0.9341723589627158 0.3568220897730901 1.504395599243588e-17
-0.9502409440131212 0.2408723836637745 -0.1975414971827029
-0.919354592345948 0.119496032936196 -0.374843742971558
-0.9502409440131212 0.2408723836637745 0.1975414971827029
-0.992334710638174 0.1235792137159473 -4.048584027426369e-17
-0.919354592345948 0.119496032936196 0.3748437429715581
-0.1933486428115418 0.5681923857830997 -0.7998585594097523
-0.389739703719192 0.5872812009018948 -0.7093685603493466
-0.5343554325088083 0.4066259737430364 -0.741026038156455
-0.4066259737430365 0.7410260381564551 -0.5343554325088081
-0.577350269189626 0.5773502691896257 -0.5773502691896257
-0.7093685603493468 0.3897397037191919 -0.5872812009018947
-0.7998585594097523 0.1933486428115418 -0.5681923857830997
-0.5872812009018948 0.7093685603493468 -0.3897397037191918
-0.741026038156455 0.5343554325088083 -0.4066259737430364
-0.5681923857830998 0.7998585594097523 -0.1933486428115417
-0.6876884187192954 -0.7260059495344064 -4.163506709969247e-17
-0.8281535845656691 -0.5605012402939294 -4.396158753665283e-17
-0.8646052518724022 -0.4579792781293658 0.2066706056476468
-0.864605251872402 -0.4579792781293658 -0.2066706056476468
-0.9341723589627158 -0.3568220897730901 -1.504395599243588e-17
-0.9502409440131212 -0.2408723836637745 0.1975414971827029
-0.919354592345948 -0.119496032936196 0.374843742971558
-0.9502409440131212 -0.2408723836637745 -0.1975414971827029
-0.992334710638174 -0.1235792137159473 4.048584027426369e-17
-0.919354592345948 -0.119496032936196 -0.3748437429715581
