0 0.5257311121191336 0.85065080835204
0 0.5257311121191336 -0.85065080835204
0 -0.5257311121191336 0.85065080835204
0 -0.5257311121191336 -0.85065080835204
0.5257311121191336 0.85065080835204 0
0.5257311121191336 -0.85065080835204 0
-0.5257311121191336 0.85065080835204 0
-0.5257311121191336 -0.85065080835204 0
0.85065080835204 0 0.5257311121191336
0.85065080835204 0 -0.5257311121191336
-0.85065080835204 0 0.5257311121191336
-0.85065080835204 0 -0.5257311121191336
1.605918151452061e-16 0.3851868216202399 0.9228386166877162
1.78768896141063e-16 0.2350268131013342 0.9719888873456479
1.734755196021242e-16 0.0789996475690648 0.9968746439166579
1.773164358638115e-16 -0.07899964756906473 0.9968746439166579
1.691449153699948e-16 -0.2350268131013342 0.9719888873456479
1.430814272572964e-16 -0.3851868216202397 0.9228386166877162
0.09257940481185241 0.6275628500759046 0.7730419930439034
0.1828476779827345 0.7137282488241286 0.676135129605588
0.2685513824471892 0.782076294541578 0.5623493793913339
0.347551030016254 0.830900761838523 0.4345252645253241
0.4178744910840685 0.8589828075883222 0.29585375774006
0.4777662264320922 0.8656213978557559 0.1497966236438127
-0.09257940481185233 0.6275628500759045 0.7730419930439036
-0.1828476779827344 0.7137282488241283 0.676135129605588
-0.2685513824471892 0.7820762945415779 0.5623493793913342
-0.347551030016254 0.8309007618385229 0.4345252645253243
-0.4178744910840685 0.8589828075883221 0.2958537577400602
-0.4777662264320921 0.8656213978557559 0.1497966236438128
0.1497966236438128 0.4777662264320921 0.8656213978557559
0.2958537577400602 0.4178744910840685 0.8589828075883221
0.4345252645253243 0.3475510300162539 0.8309007618385229
0.5623493793913339 0.2685513824471892 0.7820762945415779
0.6761351296055877 0.1828476779827344 0.7137282488241286
0.7730419930439034 0.09257940481185245 0.6275628500759047
-0.1497966236438129 0.4777662264320918 0.8656213978557559
-0.2958537577400601 0.4178744910840684 0.8589828075883222
-0.4345252645253242 0.3475510300162539 0.8309007618385229
-0.5623493793913341 0.2685513824471891 0.7820762945415779
-0.676135129605588 0.1828476779827344 0.7137282488241286
-0.7730419930439036 0.09257940481185234 0.6275628500759047
1.430814272572964e-16 0.3851868216202399 -0.9228386166877162
1.691449153699948e-16 0.2350268131013342 -0.9719888873456479
1.773164358638115e-16 0.07899964756906475 -0.9968746439166579
1.734755196021241e-16 -0.07899964756906479 -0.9968746439166579
1.787688961410629e-16 -0.2350268131013342 -0.9719888873456479
1.605918151452061e-16 -0.3851868216202399 -0.9228386166877162
0.09257940481185233 0.6275628500759045 -0.7730419930439036
0.1828476779827344 0.7137282488241283 -0.676135129605588
0.2685513824471892 0.7820762945415779 -0.5623493793913342
0.347551030016254 0.8309007618385229 -0.4345252645253243
0.4178744910840685 0.8589828075883221 -0.2958537577400602
0.4777662264320921 0.8656213978557559 -0.1497966236438128
-0.09257940481185241 0.6275628500759046 -0.7730419930439034
-0.1828476779827345 0.7137282488241286 -0.676135129605588
-0.2685513824471892 0.782076294541578 -0.5623493793913339
-0.347551030016254 0.830900761838523 -0.4345252645253241
-0.4178744910840685 0.8589828075883222 -0.29585375774006
-0.4777662264320922 0.8656213978557559 -0.1497966236438127
0.1497966236438128 0.4777662264320921 -0.8656213978557559
0.2958537577400602 0.4178744910840684 -0.8589828075883222
0.434525264525324 0.3475510300162539 -0.8309007618385229
0.5623493793913339 0.2685513824471891 -0.782076294541578
0.6761351296055877 0.1828476779827343 -0.7137282488241287
0.7730419930439034 0.09257940481185241 -0.627562850075905
-0.1497966236438128 0.4777662264320921 -0.8656213978557559
-0.2958537577400602 0.4178744910840685 -0.8589828075883221
-0.4345252645253243 0.3475510300162539 -0.8309007618385229
-0.5623493793913339 0.2685513824471892 -0.7820762945415779
-0.6761351296055877 0.1828476779827344 -0.7137282488241286
-0.7730419930439034 0.09257940481185245 -0.6275628500759047
0.09257940481185246 -0.6275628500759046 0.7730419930439034
0.1828476779827345 -0.7137282488241286 0.676135129605588
0.2685513824471892 -0.7820762945415779 0.5623493793913338
0.347551030016254 -0.8309007618385229 0.434525264525324
0.4178744910840686 -0.8589828075883222 0.2958537577400601
0.4777662264320922 -0.8656213978557556 0.1497966236438126
-0.09257940481185241 -0.6275628500759046 0.7730419930439034
-0.1828476779827345 -0.7137282488241286 0.676135129605588
-0.2685513824471892 -0.782076294541578 0.5623493793913339
-0.347551030016254 -0.830900761838523 0.4345252645253241
-0.4178744910840685 -0.8589828075883222 0.29585375774006
-0.4777662264320922 -0.8656213978557559 0.1497966236438127
0.1497966236438128 -0.4777662264320921 0.8656213978557559
0.2958537577400602 -0.4178744910840684 0.8589828075883222
0.434525264525324 -0.3475510300162539 0.8309007618385229
0.5623493793913339 -0.2685513824471891 0.782076294541578
0.6761351296055879 -0.1828476779827343 0.7137282488241287
0.7730419930439034 -0.09257940481185241 0.627562850075905
-0.1497966236438128 -0.4777662264320921 0.8656213978557559
-0.2958537577400602 -0.4178744910840685 0.8589828075883221
-0.4345252645253243 -0.3475510300162539 0.8309007618385229
-0.5623493793913339 -0.2685513824471892 0.7820762945415779
-0.6761351296055877 -0.1828476779827344 0.7137282488241286
-0.7730419930439034 -0.09257940481185245 0.6275628500759047
0.0925794048118523 -0.6275628500759046 -0.7730419930439036
0.1828476779827343 -0.7137282488241284 -0.6761351296055881
0.2685513824471891 -0.7820762945415779 -0.5623493793913341
0.3475510300162539 -0.8309007618385229 -0.4345252645253242
0.4178744910840684 -0.8589828075883221 -0.2958537577400602
0.4777662264320921 -0.8656213978557559 -0.1497966236438127
-0.09257940481185246 -0.6275628500759046 -0.7730419930439034
-0.1828476779827345 -0.7137282488241286 -0.676135129605588
-0.2685513824471892 -0.7820762945415779 -0.5623493793913338
-0.347551030016254 -0.8309007618385229 -0.434525264525324
-0.4178744910840686 -0.8589828075883222 -0.2958537577400601
-0.4777662264320922 -0.8656213978557556 -0.1497966236438126
0.149796623643813 -0.477766226432092 -0.8656213978557559
0.2958537577400601 -0.4178744910840684 -0.8589828075883221
0.4345252645253241 -0.3475510300162539 -0.8309007618385231
0.562349379391334 -0.2685513824471891 -0.7820762945415779
0.6761351296055877 -0.1828476779827344 -0.7137282488241287
0.7730419930439036 -0.09257940481185224 -0.6275628500759047
-0.1497966236438129 -0.4777662264320918 -0.8656213978557559
-0.2958537577400601 -0.4178744910840684 -0.8589828075883222
-0.4345252645253242 -0.3475510300162539 -0.8309007618385229
-0.5623493793913341 -0.2685513824471891 -0.7820762945415779
-0.676135129605588 -0.1828476779827344 -0.7137282488241286
-0.7730419930439036 -0.09257940481185234 -0.6275628500759047
0.3851868216202398 0.9228386166877162 2.711419508863985e-17
0.2350268131013342 0.9719888873456479 2.61680640672866e-17
0.07899964756906477 0.9968746439166579 5.560968693350707e-18
-0.07899964756906472 0.9968746439166579 -1.720052431663304e-18
-0.2350268131013342 0.9719888873456479 -1.654408329621841e-17
-0.3851868216202397 0.9228386166877162 -2.711419508863984e-17
0.6275628500759046 0.7730419930439034 0.09257940481185223
0.7137282488241287 0.6761351296055879 0.1828476779827344
0.7820762945415779 0.5623493793913341 0.2685513824471891
0.8309007618385229 0.4345252645253243 0.3475510300162539
0.8589828075883221 0.2958537577400601 0.4178744910840684
0.8656213978557559 0.149796623643813 0.477766226432092
0.6275628500759047 0.7730419930439034 -0.09257940481185237
0.7137282488241287 0.6761351296055877 -0.1828476779827343
0.782076294541578 0.5623493793913339 -0.2685513824471891
0.8309007618385229 0.4345252645253241 -0.3475510300162539
0.8589828075883222 0.2958537577400602 -0.4178744910840684
0.8656213978557559 0.1497966236438128 -0.4777662264320921
0.3851868216202398 -0.9228386166877162 -2.711419508863985e-17
0.2350268131013342 -0.9719888873456479 -2.61680640672866e-17
0.07899964756906477 -0.9968746439166579 -5.560968693350707e-18
-0.07899964756906472 -0.9968746439166579 1.720052431663304e-18
-0.2350268131013342 -0.9719888873456479 1.654408329621841e-17
-0.3851868216202397 -0.9228386166877162 2.711419508863984e-17
0.6275628500759047 -0.7730419930439034 0.09257940481185237
0.7137282488241287 -0.6761351296055877 0.1828476779827343
0.782076294541578 -0.5623493793913339 0.2685513824471891
0.8309007618385229 -0.4345252645253241 0.3475510300162539
0.8589828075883222 -0.2958537577400602 0.4178744910840684
0.8656213978557559 -0.1497966236438128 0.4777662264320921
0.6275628500759046 -0.7730419930439034 -0.09257940481185223
0.7137282488241287 -0.6761351296055879 -0.1828476779827344
0.7820762945415779 -0.5623493793913341 -0.2685513824471891
0.8309007618385229 -0.4345252645253243 -0.3475510300162539
0.8589828075883221 -0.2958537577400601 -0.4178744910840684
0.8656213978557559 -0.149796623643813 -0.477766226432092
-0.6275628500759047 0.7730419930439034 0.09257940481185237
-0.7137282488241287 0.6761351296055877 0.1828476779827343
-0.782076294541578 0.5623493793913339 0.2685513824471891
-0.8309007618385229 0.4345252645253241 0.3475510300162539
-0.8589828075883222 0.2958537577400602 0.4178744910840684
-0.8656213978557559 0.1497966236438128 0.4777662264320921
-0.6275628500759048 0.7730419930439033 -0.09257940481185241
-0.7137282488241286 0.676135129605588 -0.1828476779827343
-0.7820762945415779 0.5623493793913339 -0.2685513824471891
-0.8309007618385229 0.4345252645253241 -0.3475510300162538
-0.8589828075883221 0.2958537577400602 -0.4178744910840685
-0.8656213978557559 0.1497966236438128 -0.4777662264320921
-0.6275628500759046 -0.7730419930439034 0.09257940481185223
-0.7137282488241287 -0.6761351296055879 0.1828476779827344
-0.7820762945415779 -0.5623493793913341 0.2685513824471891
-0.8309007618385229 -0.4345252645253243 0.3475510300162539
-0.8589828075883221 -0.2958537577400601 0.4178744910840684
-0.8656213978557559 -0.149796623643813 0.477766226432092
-0.6275628500759047 -0.7730419930439034 -0.09257940481185237
-0.7137282488241287 -0.6761351296055877 -0.1828476779827343
-0.782076294541578 -0.5623493793913339 -0.2685513824471891
-0.8309007618385229 -0.4345252645253241 -0.3475510300162539
-0.8589828075883222 -0.2958537577400602 -0.4178744910840684
-0.8656213978557559 -0.1497966236438128 -0.4777662264320921
0.9228386166877162 1.605918151452061e-16 0.3851868216202399
0.9719888873456479 1.78768896141063e-16 0.2350268131013342
0.9968746439166579 1.734755196021242e-16 0.07899964756906479
0.9968746439166579 1.773164358638115e-16 -0.07899964756906475
0.9719888873456479 1.691449153699948e-16 -0.2350268131013342
0.9228386166877162 1.430814272572964e-16 -0.3851868216202399
-0.9228386166877162 -1.605918151452061e-16 0.3851868216202399
-0.9719888873456479 -1.78768896141063e-16 0.2350268131013342
-0.9968746439166579 -1.734755196021242e-16 0.07899964756906479
-0.9968746439166579 -1.773164358638115e-16 -0.07899964756906475
-0.9719888873456479 -1.691449153699948e-16 -0.2350268131013342
-0.9228386166877162 -1.430814272572964e-16 -0.3851868216202399
-0.05065569126402972 0.4644664290962188 -0.8841407903638258
-0.1021815103467763 0.3980899413284451 -0.9116377227585346
-0.05206390476747849 0.3167434874923662 -0.9470812599516137
-0.2012011343702246 0.4089153643748601 -0.8901159072313618
-0.1542421937224225 0.326717376504475 -0.9324511255640843
-0.1046355928343335 0.2435058546824768 -0.9642387108219438
-0.05299423524755929 0.1605360162396504 -0.9856063101058298
-0.2527848043407454 0.3350671027999363 -0.9076507474329915
-0.2063700603073008 0.2506401759908929 -0.9458281558443983
-0.1572050118191419 0.1658714199774185 -0.9735364689078772
-0.1059533257644588 0.08195525676277257 -0.9909880063090565
-0.05331791175795596 1.156543363992406e-18 -0.99857758851567
-0.3465506704103856 0.3419638707865318 -0.8734777294898849
-0.3039964165580737 0.2565934973624207 -0.9174671415539477
-0.2579754321548903 0.1703469244875446 -0.9510155633438038
-0.2091544588221441 0.08444117951232465 -0.974230003416741
-0.1582400304759774 1.156850351902369e-17 -0.9874006748807506
-0.1059533257644588 -0.08195525676277252 -0.9909880063090566
-0.05299423524755929 -0.1605360162396504 -0.9856063101058298
-0.3964494293833203 0.2614917223986403 -0.8800283683260626
-0.3541683702324968 0.1740647056054889 -0.9188396180995525
-0.3083737749959988 0.08651834292509941 -0.9473226436817669
-0.2597889375547095 5.438503010227619e-17 -0.9656654223509276
-0.2091544588221441 -0.08444117951232463 -0.974230003416741
-0.1572050118191419 -0.1658714199774185 -0.9735364689078772
-0.1046355928343336 -0.2435058546824768 -0.9642387108219438
-0.05206390476747845 -0.3167434874923662 -0.9470812599516137
-0.4828126534200428 0.2654423483365252 -0.8345251951901083
-0.4448014788328887 0.177104714949969 -0.8779439414738081
-0.4025535145204467 0.08823336095432592 -0.9111342063395164
-0.3568220897730901 -1.504395599243588e-17 -0.9341723589627158
-0.3083737749959988 -0.08651834292509943 -0.947322643681767
-0.2579754321548903 -0.1703469244875446 -0.9510155633438038
-0.2063700603073008 -0.2506401759908928 -0.9458281558443983
-0.1542421937224225 -0.3267173765044749 -0.9324511255640843
-0.1021815103467763 -0.3980899413284452 -0.9116377227585346
-0.05065569126402959 -0.4644664290962188 -0.8841407903638259
-0.5290558203822109 0.1795364656358678 -0.8293772340899446
-0.4907970687335694 0.08962352609316422 -0.8666520991108047
-0.4483633944991287 3.008576356103468e-17 -0.8938513671037366
-0.4025535145204467 -0.08823336095432588 -0.9111342063395164
-0.3541683702324968 -0.1740647056054889 -0.9188396180995525
-0.3039964165580737 -0.2565934973624208 -0.9174671415539477
-0.2527848043407455 -0.3350671027999364 -0.9076507474329913
-0.2012011343702246 -0.4089153643748601 -0.8901159072313618
-0.6063034011046451 0.1814278545468813 -0.7742610150352758
-0.5723820118437453 0.09072207738500221 -0.8149529662456947
-0.5336025458547491 0 -0.8457353741314892
-0.4907970687335694 -0.08962352609316424 -0.8666520991108047
-0.4448014788328887 -0.177104714949969 -0.8779439414738081
-0.3964494293833204 -0.2614917223986403 -0.8800283683260626
-0.3465506704103856 -0.3419638707865318 -0.8734777294898849
-0.6467855536765855 0.09156124811745953 -0.757155852779628
-0.6119143840068205 -2.313497475240228e-18 -0.7909240081357711
-0.5723820118437453 -0.09072207738500226 -0.8149529662456947
-0.5290558203822111 -0.1795364656358678 -0.8293772340899446
-0.4828126534200428 -0.2654423483365252 -0.8345251951901083
-0.71370286284805 0.09217187688249394 -0.6943576662459022
-0.6828820136218593 -1.098763016612727e-16 -0.7305286821691224
-0.6467855536765855 -0.09156124811745955 -0.757155852779628
-0.6063034011046451 -0.1814278545468814 -0.7742610150352758
-0.7463045659956519 0 -0.665604608438104
-0.71370286284805 -0.09217187688249398 -0.6943576662459022
-0.8021781601750049 -3.866994830904489e-17 -0.5970847505490693
-0.0506556912640296 0.4644664290962188 0.8841407903638258
-0.1021815103467763 0.3980899413284452 0.9116377227585346
-0.2012011343702246 0.4089153643748601 0.8901159072313618
-0.05206390476747844 0.3167434874923661 0.9470812599516137
-0.1542421937224225 0.3267173765044749 0.9324511255640843
-0.2527848043407455 0.3350671027999364 0.9076507474329913
-0.3465506704103856 0.3419638707865318 0.8734777294898849
-0.1046355928343336 0.2435058546824768 0.9642387108219438
-0.2063700603073008 0.2506401759908928 0.9458281558443983
-0.3039964165580737 0.2565934973624208 0.9174671415539477
-0.3964494293833203 0.2614917223986403 0.8800283683260626
-0.482812653420043 0.2654423483365252 0.8345251951901083
-0.05299423524755929 0.1605360162396504 0.9856063101058298
-0.1572050118191419 0.1658714199774185 0.9735364689078772
-0.2579754321548903 0.1703469244875446 0.9510155633438038
-0.3541683702324968 0.1740647056054889 0.9188396180995525
-0.4448014788328888 0.177104714949969 0.8779439414738081
-0.529055820382211 0.1795364656358677 0.8293772340899446
-0.6063034011046451 0.1814278545468814 0.7742610150352758
-0.1059533257644588 0.08195525676277252 0.9909880063090566
-0.2091544588221441 0.08444117951232465 0.974230003416741
-0.3083737749959988 0.08651834292509943 0.947322643681767
-0.4025535145204467 0.08823336095432587 0.9111342063395164
-0.4907970687335694 0.08962352609316422 0.8666520991108047
-0.5723820118437453 0.09072207738500226 0.8149529662456947
-0.6467855536765856 0.09156124811745957 0.757155852779628
-0.71370286284805 0.09217187688249398 0.6943576662459022
-0.05331791175795595 -1.156543363992406e-18 0.99857758851567
-0.1582400304759773 -1.159621018863509e-17 0.9874006748807506
-0.2597889375547095 -5.423092773184054e-17 0.9656654223509276
-0.3568220897730901 1.54765558606782e-17 0.9341723589627158
-0.4483633944991287 -3.008911107518275e-17 0.8938513671037366
-0.5336025458547491 0 0.8457353741314895
-0.6119143840068206 2.313497475240228e-18 0.7909240081357711
-0.6828820136218593 1.100920230679747e-16 0.7305286821691224
-0.7463045659956519 0 0.665604608438104
-0.8021781601750047 3.866733456642859e-17 0.5970847505490693
-0.1059533257644588 -0.08195525676277257 0.9909880063090566
-0.2091544588221441 -0.08444117951232465 0.974230003416741
-0.3083737749959989 -0.08651834292509943 0.947322643681767
-0.4025535145204467 -0.08823336095432592 0.9111342063395164
-0.4907970687335694 -0.08962352609316422 0.8666520991108047
-0.5723820118437453 -0.09072207738500221 0.8149529662456947
-0.6467855536765856 -0.09156124811745955 0.757155852779628
-0.71370286284805 -0.09217187688249394 0.6943576662459022
-0.05299423524755929 -0.1605360162396504 0.9856063101058298
-0.1572050118191419 -0.1658714199774185 0.9735364689078772
-0.2579754321548903 -0.1703469244875446 0.9510155633438038
-0.3541683702324968 -0.1740647056054889 0.9188396180995525
-0.4448014788328887 -0.177104714949969 0.8779439414738082
-0.5290558203822109 -0.1795364656358678 0.8293772340899446
-0.6063034011046452 -0.1814278545468814 0.7742610150352758
-0.1046355928343336 -0.2435058546824768 0.9642387108219438
-0.2063700603073007 -0.2506401759908928 0.9458281558443983
-0.3039964165580737 -0.2565934973624207 0.9174671415539477
-0.3964494293833203 -0.2614917223986403 0.8800283683260626
-0.482812653420043 -0.2654423483365252 0.8345251951901083
-0.05206390476747848 -0.3167434874923661 0.9470812599516137
-0.1542421937224225 -0.3267173765044751 0.9324511255640843
-0.2527848043407454 -0.3350671027999363 0.9076507474329915
-0.3465506704103856 -0.3419638707865318 0.8734777294898849
-0.1021815103467763 -0.3980899413284451 0.9116377227585346
-0.2012011343702246 -0.4089153643748601 0.8901159072313618
-0.05065569126402971 -0.4644664290962188 0.8841407903638258
0.08196263018882105 -0.5464290592850396 0.8334850990997962
0.1653331567628829 -0.5634230980913278 0.8094562124117585
0.1764130443833118 -0.6422937614784238 0.7458801255813895
0.233378397103564 -0.4931565318756777 0.8380520024638836
0.2495691119422251 -0.5762864884466999 0.778208931841662
0.2608651937564059 -0.6525202599452945 0.7114539064811987
0.2671743283852398 -0.7212667797877166 0.6390556396954444
0.3174531571453583 -0.5043710484388828 0.8030151545986581
0.3339137718375779 -0.5845539478284705 0.739458095537098
0.3450851297102027 -0.6577479544265528 0.6695400523498037
0.3509725479438518 -0.7234239083254859 0.5945385769257364
0.3517125417700656 -0.7812072834321524 0.5157649350956274
0.3793029090011849 -0.4277103446248902 0.8204834942423257
0.4011544570641322 -0.5109565496876212 0.7602621297348059
0.4174130174890547 -0.5877599419765992 0.6930401311889137
0.4280425493659833 -0.6574976402886606 0.6200616331842446
0.4331424626409194 -0.7197039109978307 0.542599196047862
0.4329278047066244 -0.7740750425616041 0.4619321859268458
0.4277103446248903 -0.8204834942423256 0.3793029090011849
0.4619321859268458 -0.4329278047066245 0.7740750425616041
0.4834329346831721 -0.512483728878308 0.7096851592774086
0.4989592491826385 -0.585477592107738 0.6389488686857683
0.5085806918190695 -0.6513452687848068 0.5631119078304812
0.5124837288783081 -0.7096851592774085 0.4834329346831721
0.5109565496876211 -0.7602621297348059 0.4011544570641322
0.5043710484388827 -0.803015154598658 0.3174531571453583
0.4931565318756778 -0.8380520024638833 0.2333783971035639
0.5157649350956274 -0.3517125417700656 0.7812072834321525
0.5425991960478619 -0.4331424626409194 0.7197039109978307
0.5631119078304809 -0.5085806918190696 0.6513452687848069
0.5773502691896258 -0.5773502691896257 0.5773502691896258
0.5854775921077378 -0.6389488686857684 0.4989592491826385
0.5877599419765992 -0.6930401311889137 0.4174130174890547
0.5845539478284706 -0.7394580955370976 0.333913771837578
0.5762864884466999 -0.778208931841662 0.2495691119422251
0.5634230980913281 -0.8094562124117585 0.1653331567628828
0.5464290592850397 -0.8334850990997962 0.08196263018882101
0.5945385769257363 -0.3509725479438519 0.7234239083254859
0.6200616331842445 -0.4280425493659833 0.6574976402886608
0.6389488686857683 -0.4989592491826384 0.5854775921077379
0.6513452687848068 -0.5631119078304809 0.5085806918190697
0.6574976402886608 -0.6200616331842445 0.4280425493659835
0.6577479544265528 -0.6695400523498037 0.3450851297102026
0.6525202599452946 -0.7114539064811986 0.2608651937564059
0.642293761478424 -0.7458801255813893 0.1764130443833118
0.6390556396954444 -0.2671743283852399 0.7212667797877167
0.6695400523498037 -0.3450851297102027 0.6577479544265528
0.6930401311889137 -0.4174130174890547 0.5877599419765993
0.7096851592774086 -0.4834329346831719 0.5124837288783081
0.7197039109978307 -0.5425991960478619 0.4331424626409194
0.723423908325486 -0.5945385769257364 0.3509725479438518
0.7212667797877167 -0.6390556396954442 0.2671743283852399
0.7114539064811987 -0.2608651937564059 0.6525202599452944
0.7394580955370977 -0.333913771837578 0.5845539478284706
0.7602621297348059 -0.4011544570641322 0.5109565496876211
0.7740750425616041 -0.4619321859268457 0.4329278047066244
0.7812072834321524 -0.5157649350956274 0.3517125417700656
0.7458801255813893 -0.1764130443833118 0.6422937614784239
0.778208931841662 -0.2495691119422252 0.5762864884466998
0.803015154598658 -0.3174531571453583 0.5043710484388827
0.8204834942423257 -0.3793029090011849 0.4277103446248903
0.8094562124117585 -0.165333156762883 0.5634230980913278
0.8380520024638833 -0.2333783971035639 0.4931565318756778
0.8334850990997962 -0.08196263018882109 0.5464290592850397
-0.08196263018882105 -0.5464290592850396 -0.8334850990997962
-0.1653331567628829 -0.5634230980913278 -0.8094562124117585
-0.1764130443833118 -0.6422937614784238 -0.7458801255813895
-0.233378397103564 -0.4931565318756777 -0.8380520024638836
-0.2495691119422251 -0.5762864884466999 -0.778208931841662
-0.2608651937564059 -0.6525202599452945 -0.7114539064811987
-0.2671743283852398 -0.7212667797877166 -0.6390556396954444
-0.3174531571453583 -0.5043710484388828 -0.8030151545986581
-0.3339137718375779 -0.5845539478284705 -0.739458095537098
-0.3450851297102027 -0.6577479544265528 -0.6695400523498037
-0.3509725479438518 -0.7234239083254859 -0.5945385769257364
-0.3517125417700656 -0.7812072834321524 -0.5157649350956274
-0.3793029090011849 -0.4277103446248902 -0.8204834942423257
-0.4011544570641322 -0.5109565496876212 -0.7602621297348059
-0.4174130174890547 -0.5877599419765992 -0.6930401311889137
-0.4280425493659833 -0.6574976402886606 -0.6200616331842446
-0.4331424626409194 -0.7197039109978307 -0.542599196047862
-0.4329278047066244 -0.7740750425616041 -0.4619321859268458
-0.4277103446248903 -0.8204834942423256 -0.3793029090011849
-0.4619321859268458 -0.4329278047066245 -0.7740750425616041
-0.4834329346831721 -0.512483728878308 -0.7096851592774086
-0.4989592491826385 -0.585477592107738 -0.6389488686857683
-0.5085806918190695 -0.6513452687848068 -0.5631119078304812
-0.5124837288783081 -0.7096851592774085 -0.4834329346831721
-0.5109565496876211 -0.7602621297348059 -0.4011544570641322
-0.5043710484388827 -0.803015154598658 -0.3174531571453583
-0.4931565318756778 -0.8380520024638833 -0.2333783971035639
-0.5157649350956274 -0.3517125417700656 -0.7812072834321525
-0.5425991960478619 -0.4331424626409194 -0.7197039109978307
-0.5631119078304809 -0.5085806918190696 -0.6513452687848069
-0.5773502691896258 -0.5773502691896257 -0.5773502691896258
-0.5854775921077378 -0.6389488686857684 -0.4989592491826385
-0.5877599419765992 -0.6930401311889137 -0.4174130174890547
-0.5845539478284706 -0.7394580955370976 -0.333913771837578
-0.5762864884466999 -0.778208931841662 -0.2495691119422251
-0.5634230980913281 -0.8094562124117585 -0.1653331567628828
-0.5464290592850397 -0.8334850990997962 -0.08196263018882101
-0.5945385769257363 -0.3509725479438519 -0.7234239083254859
-0.6200616331842445 -0.4280425493659833 -0.6574976402886608
-0.6389488686857683 -0.4989592491826384 -0.5854775921077379
-0.6513452687848068 -0.5631119078304809 -0.5085806918190697
-0.6574976402886608 -0.6200616331842445 -0.4280425493659835
-0.6577479544265528 -0.6695400523498037 -0.3450851297102026
-0.6525202599452946 -0.7114539064811986 -0.2608651937564059
-0.642293761478424 -0.7458801255813893 -0.1764130443833118
-0.6390556396954444 -0.2671743283852399 -0.7212667797877167
-0.6695400523498037 -0.3450851297102027 -0.6577479544265528
-0.6930401311889137 -0.4174130174890547 -0.5877599419765993
-0.7096851592774086 -0.4834329346831719 -0.5124837288783081
-0.7197039109978307 -0.5425991960478619 -0.4331424626409194
-0.723423908325486 -0.5945385769257364 -0.3509725479438518
-0.7212667797877167 -0.6390556396954442 -0.2671743283852399
-0.7114539064811987 -0.2608651937564059 -0.6525202599452944
-0.7394580955370977 -0.333913771837578 -0.5845539478284706
-0.7602621297348059 -0.4011544570641322 -0.5109565496876211
-0.7740750425616041 -0.4619321859268457 -0.4329278047066244
-0.7812072834321524 -0.5157649350956274 -0.3517125417700656
-0.7458801255813893 -0.1764130443833118 -0.6422937614784239
-0.778208931841662 -0.2495691119422252 -0.5762864884466998
-0.803015154598658 -0.3174531571453583 -0.5043710484388827
-0.8204834942423257 -0.3793029090011849 -0.4277103446248903
-0.8094562124117585 -0.165333156762883 -0.5634230980913278
-0.8380520024638833 -0.2333783971035639 -0.4931565318756778
-0.8334850990997962 -0.08196263018882109 -0.5464290592850397
1.224427895991066e-16 0.5970847505490693 -0.8021781601750049
1.994979469933184e-17 0.6656046084381039 -0.746304565995652
-0.0921718768824939 0.6943576662459022 -0.7137028628480502
0.09217187688249405 0.6943576662459021 -0.7137028628480501
5.089007655890523e-17 0.7305286821691224 -0.6828820136218594
-0.0915612481174595 0.7571558527796279 -0.6467855536765855
-0.1814278545468813 0.7742610150352758 -0.6063034011046452
0.09156124811745958 0.757155852779628 -0.6467855536765855
1.850797980192182e-17 0.7909240081357711 -0.6119143840068205
-0.09072207738500217 0.8149529662456947 -0.5723820118437453
-0.1795364656358677 0.8293772340899445 -0.529055820382211
-0.2654423483365252 0.8345251951901085 -0.4828126534200429
0.1814278545468815 0.7742610150352758 -0.606303401104645
0.09072207738500228 0.8149529662456947 -0.5723820118437452
3.355169039907808e-17 0.8457353741314892 -0.5336025458547491
-0.08962352609316421 0.8666520991108047 -0.4907970687335693
-0.177104714949969 0.8779439414738081 -0.4448014788328888
-0.2614917223986403 0.8800283683260626 -0.3964494293833203
-0.3419638707865318 0.8734777294898849 -0.3465506704103856
0.1795364656358678 0.8293772340899446 -0.5290558203822109
0.08962352609316432 0.8666520991108047 -0.4907970687335692
6.017152712206933e-17 0.8938513671037364 -0.4483633944991287
-0.08823336095432585 0.9111342063395161 -0.4025535145204467
-0.1740647056054889 0.9188396180995525 -0.3541683702324968
-0.2565934973624207 0.9174671415539477 -0.3039964165580737
-0.3350671027999363 0.9076507474329913 -0.2527848043407454
-0.4089153643748601 0.8901159072313618 -0.2012011343702245
0.2654423483365252 0.8345251951901083 -0.4828126534200428
0.177104714949969 0.8779439414738081 -0.4448014788328887
0.08823336095432591 0.9111342063395164 -0.4025535145204467
6.364750612184411e-17 0.9341723589627158 -0.35682208977309
-0.0865183429250994 0.947322643681767 -0.3083737749959988
-0.1703469244875446 0.9510155633438037 -0.2579754321548901
-0.2506401759908928 0.9458281558443983 -0.2063700603073006
-0.326717376504475 0.9324511255640843 -0.1542421937224224
-0.3980899413284451 0.9116377227585346 -0.1021815103467761
-0.4644664290962188 0.8841407903638258 -0.05065569126402961
0.2614917223986404 0.8800283683260626 -0.3964494293833203
0.1740647056054889 0.9188396180995525 -0.3541683702324967
0.08651834292509948 0.947322643681767 -0.3083737749959988
0 0.9656654223509276 -0.2597889375547094
-0.08444117951232462 0.974230003416741 -0.2091544588221439
-0.1658714199774185 0.9735364689078772 -0.1572050118191418
-0.2435058546824768 0.9642387108219438 -0.1046355928343334
-0.3167434874923661 0.9470812599516137 -0.0520639047674784
0.3419638707865318 0.8734777294898849 -0.3465506704103855
0.2565934973624208 0.9174671415539477 -0.3039964165580736
0.1703469244875446 0.9510155633438038 -0.2579754321548901
0.08444117951232465 0.974230003416741 -0.2091544588221439
0 0.9874006748807506 -0.1582400304759772
-0.08195525676277257 0.9909880063090566 -0.1059533257644587
-0.1605360162396504 0.9856063101058298 -0.05299423524755922
0.3350671027999364 0.9076507474329913 -0.2527848043407452
0.2506401759908928 0.9458281558443983 -0.2063700603073005
0.1658714199774185 0.9735364689078772 -0.1572050118191418
0.08195525676277253 0.9909880063090566 -0.1059533257644587
1.734815045988608e-18 0.99857758851567 -0.0533179117579559
0.4089153643748601 0.8901159072313618 -0.2012011343702244
0.3267173765044751 0.9324511255640845 -0.1542421937224223
0.2435058546824768 0.9642387108219439 -0.1046355928343334
0.1605360162396504 0.9856063101058298 -0.05299423524755922
0.3980899413284452 0.9116377227585345 -0.1021815103467761
0.3167434874923661 0.9470812599516137 -0.0520639047674784
0.4644664290962188 0.8841407903638256 -0.05065569126402956
1.224427895991066e-16 -0.5970847505490693 0.8021781601750049
1.994979469933184e-17 -0.6656046084381039 0.746304565995652
-0.0921718768824939 -0.6943576662459022 0.7137028628480502
0.09217187688249405 -0.6943576662459021 0.7137028628480501
5.089007655890523e-17 -0.7305286821691224 0.6828820136218594
-0.0915612481174595 -0.7571558527796279 0.6467855536765855
-0.1814278545468813 -0.7742610150352758 0.6063034011046452
0.09156124811745958 -0.757155852779628 0.6467855536765855
1.850797980192182e-17 -0.7909240081357711 0.6119143840068205
-0.09072207738500217 -0.8149529662456947 0.5723820118437453
-0.1795364656358677 -0.8293772340899445 0.529055820382211
-0.2654423483365252 -0.8345251951901085 0.4828126534200429
0.1814278545468815 -0.7742610150352758 0.606303401104645
0.09072207738500228 -0.8149529662456947 0.5723820118437452
3.355169039907808e-17 -0.8457353741314892 0.5336025458547491
-0.08962352609316421 -0.8666520991108047 0.4907970687335693
-0.177104714949969 -0.8779439414738081 0.4448014788328888
-0.2614917223986403 -0.8800283683260626 0.3964494293833203
-0.3419638707865318 -0.8734777294898849 0.3465506704103856
0.1795364656358678 -0.8293772340899446 0.5290558203822109
0.08962352609316432 -0.8666520991108047 0.4907970687335692
6.017152712206933e-17 -0.8938513671037364 0.4483633944991287
-0.08823336095432585 -0.9111342063395161 0.4025535145204467
-0.1740647056054889 -0.9188396180995525 0.3541683702324968
-0.2565934973624207 -0.9174671415539477 0.3039964165580737
-0.3350671027999363 -0.9076507474329913 0.2527848043407454
-0.4089153643748601 -0.8901159072313618 0.2012011343702245
0.2654423483365252 -0.8345251951901083 0.4828126534200428
0.177104714949969 -0.8779439414738081 0.4448014788328887
0.08823336095432591 -0.9111342063395164 0.4025535145204467
6.364750612184411e-17 -0.9341723589627158 0.35682208977309
-0.0865183429250994 -0.947322643681767 0.3083737749959988
-0.1703469244875446 -0.9510155633438037 0.2579754321548901
-0.2506401759908928 -0.9458281558443983 0.2063700603073006
-0.326717376504475 -0.9324511255640843 0.1542421937224224
-0.3980899413284451 -0.9116377227585346 0.1021815103467761
-0.4644664290962188 -0.8841407903638258 0.05065569126402961
0.2614917223986404 -0.8800283683260626 0.3964494293833203
0.1740647056054889 -0.9188396180995525 0.3541683702324967
0.08651834292509948 -0.947322643681767 0.3083737749959988
0 -0.9656654223509276 0.2597889375547094
-0.08444117951232462 -0.974230003416741 0.2091544588221439
-0.1658714199774185 -0.9735364689078772 0.1572050118191418
-0.2435058546824768 -0.9642387108219438 0.1046355928343334
-0.3167434874923661 -0.9470812599516137 0.0520639047674784
0.3419638707865318 -0.8734777294898849 0.3465506704103855
0.2565934973624208 -0.9174671415539477 0.3039964165580736
0.1703469244875446 -0.9510155633438038 0.2579754321548901
0.08444117951232465 -0.974230003416741 0.2091544588221439
0 -0.9874006748807506 0.1582400304759772
-0.08195525676277257 -0.9909880063090566 0.1059533257644587
-0.1605360162396504 -0.9856063101058298 0.05299423524755922
0.3350671027999364 -0.9076507474329913 0.2527848043407452
0.2506401759908928 -0.9458281558443983 0.2063700603073005
0.1658714199774185 -0.9735364689078772 0.1572050118191418
0.08195525676277253 -0.9909880063090566 0.1059533257644587
1.734815045988608e-18 -0.99857758851567 0.0533179117579559
0.4089153643748601 -0.8901159072313618 0.2012011343702244
0.3267173765044751 -0.9324511255640845 0.1542421937224223
0.2435058546824768 -0.9642387108219439 0.1046355928343334
0.1605360162396504 -0.9856063101058298 0.05299423524755922
0.3980899413284452 -0.9116377227585345 0.1021815103467761
0.3167434874923661 -0.9470812599516137 0.0520639047674784
0.4644664290962188 -0.8841407903638256 0.05065569126402956
0.08196263018882105 -0.5464290592850397 -0.8334850990997962
0.1653331567628829 -0.5634230980913277 -0.8094562124117585
0.2333783971035639 -0.4931565318756778 -0.8380520024638833
0.1764130443833118 -0.642293761478424 -0.7458801255813893
0.2495691119422252 -0.5762864884467001 -0.7782089318416618
0.3174531571453584 -0.5043710484388828 -0.803015154598658
0.3793029090011849 -0.4277103446248903 -0.8204834942423257
0.260865193756406 -0.6525202599452945 -0.7114539064811984
0.333913771837578 -0.5845539478284705 -0.7394580955370977
0.4011544570641322 -0.5109565496876212 -0.7602621297348058
0.4619321859268458 -0.4329278047066245 -0.7740750425616041
0.5157649350956274 -0.3517125417700656 -0.7812072834321524
0.26717432838524 -0.7212667797877166 -0.6390556396954444
0.3450851297102027 -0.6577479544265528 -0.6695400523498037
0.4174130174890548 -0.5877599419765993 -0.6930401311889137
0.4834329346831721 -0.5124837288783078 -0.7096851592774086
0.5425991960478619 -0.4331424626409193 -0.7197039109978307
0.5945385769257364 -0.3509725479438519 -0.7234239083254858
0.6390556396954444 -0.2671743283852399 -0.7212667797877166
0.3509725479438519 -0.7234239083254858 -0.5945385769257363
0.4280425493659835 -0.6574976402886608 -0.6200616331842445
0.4989592491826384 -0.5854775921077379 -0.6389488686857683
0.5631119078304812 -0.5085806918190697 -0.6513452687848068
0.6200616331842446 -0.4280425493659833 -0.6574976402886606
0.6695400523498037 -0.3450851297102027 -0.6577479544265528
0.7114539064811987 -0.260865193756406 -0.6525202599452944
0.7458801255813893 -0.1764130443833118 -0.642293761478424
0.3517125417700656 -0.7812072834321525 -0.5157649350956274
0.4331424626409194 -0.7197039109978307 -0.5425991960478618
0.5085806918190697 -0.6513452687848069 -0.5631119078304809
0.577350269189626 -0.5773502691896257 -0.5773502691896257
0.6389488686857683 -0.4989592491826383 -0.5854775921077379
0.6930401311889138 -0.4174130174890547 -0.5877599419765992
0.7394580955370978 -0.333913771837578 -0.5845539478284706
0.778208931841662 -0.2495691119422251 -0.5762864884466999
0.8094562124117585 -0.165333156762883 -0.5634230980913278
0.833485099099796 -0.08196263018882105 -0.5464290592850397
0.4329278047066245 -0.774075042561604 -0.4619321859268456
0.5124837288783082 -0.7096851592774085 -0.4834329346831719
0.585477592107738 -0.6389488686857684 -0.4989592491826383
0.6513452687848069 -0.5631119078304809 -0.5085806918190696
0.7096851592774086 -0.4834329346831721 -0.512483728878308
0.7602621297348058 -0.4011544570641322 -0.5109565496876212
0.803015154598658 -0.3174531571453583 -0.5043710484388827
0.8380520024638833 -0.233378397103564 -0.4931565318756778
0.4277103446248904 -0.8204834942423257 -0.3793029090011847
0.5109565496876213 -0.7602621297348059 -0.4011544570641321
0.5877599419765994 -0.6930401311889137 -0.4174130174890547
0.6574976402886609 -0.6200616331842445 -0.4280425493659833
0.7197039109978309 -0.5425991960478619 -0.4331424626409193
0.7740750425616041 -0.4619321859268457 -0.4329278047066244
0.8204834942423257 -0.3793029090011849 -0.4277103446248903
0.5043710484388829 -0.803015154598658 -0.3174531571453582
0.5845539478284707 -0.7394580955370977 -0.3339137718375779
0.6577479544265528 -0.6695400523498037 -0.3450851297102026
0.7234239083254859 -0.5945385769257363 -0.3509725479438519
0.7812072834321525 -0.5157649350956274 -0.3517125417700655
0.4931565318756778 -0.8380520024638833 -0.2333783971035638
0.5762864884467001 -0.7782089318416618 -0.2495691119422249
0.6525202599452945 -0.7114539064811987 -0.2608651937564059
0.7212667797877166 -0.6390556396954443 -0.2671743283852398
0.563423098091328 -0.8094562124117584 -0.1653331567628828
0.6422937614784239 -0.7458801255813893 -0.1764130443833117
0.5464290592850398 -0.8334850990997962 -0.08196263018882093
-1.224427895991066e-16 0.5970847505490693 0.8021781601750049
-1.994979469933184e-17 0.6656046084381039 0.746304565995652
0.0921718768824939 0.6943576662459022 0.7137028628480502
-0.09217187688249405 0.6943576662459021 0.7137028628480501
-5.089007655890523e-17 0.7305286821691224 0.6828820136218594
0.0915612481174595 0.7571558527796279 0.6467855536765855
0.1814278545468813 0.7742610150352758 0.6063034011046452
-0.09156124811745958 0.757155852779628 0.6467855536765855
-1.850797980192182e-17 0.7909240081357711 0.6119143840068205
0.09072207738500217 0.8149529662456947 0.5723820118437453
0.1795364656358677 0.8293772340899445 0.529055820382211
0.2654423483365252 0.8345251951901085 0.4828126534200429
-0.1814278545468815 0.7742610150352758 0.606303401104645
-0.09072207738500228 0.8149529662456947 0.5723820118437452
-3.355169039907808e-17 0.8457353741314892 0.5336025458547491
0.08962352609316421 0.8666520991108047 0.4907970687335693
0.177104714949969 0.8779439414738081 0.4448014788328888
0.2614917223986403 0.8800283683260626 0.3964494293833203
0.3419638707865318 0.8734777294898849 0.3465506704103856
-0.1795364656358678 0.8293772340899446 0.5290558203822109
-0.08962352609316432 0.8666520991108047 0.4907970687335692
-6.017152712206933e-17 0.8938513671037364 0.4483633944991287
0.08823336095432585 0.9111342063395161 0.4025535145204467
0.1740647056054889 0.9188396180995525 0.3541683702324968
0.2565934973624207 0.9174671415539477 0.3039964165580737
0.3350671027999363 0.9076507474329913 0.2527848043407454
0.4089153643748601 0.8901159072313618 0.2012011343702245
-0.2654423483365252 0.8345251951901083 0.4828126534200428
-0.177104714949969 0.8779439414738081 0.4448014788328887
-0.08823336095432591 0.9111342063395164 0.4025535145204467
-6.364750612184411e-17 0.9341723589627158 0.35682208977309
0.0865183429250994 0.947322643681767 0.3083737749959988
0.1703469244875446 0.9510155633438037 0.2579754321548901
0.2506401759908928 0.9458281558443983 0.2063700603073006
0.326717376504475 0.9324511255640843 0.1542421937224224
0.3980899413284451 0.9116377227585346 0.1021815103467761
0.4644664290962188 0.8841407903638258 0.05065569126402961
-0.2614917223986404 0.8800283683260626 0.3964494293833203
-0.1740647056054889 0.9188396180995525 0.3541683702324967
-0.08651834292509948 0.947322643681767 0.3083737749959988
0 0.9656654223509276 0.2597889375547094
0.08444117951232462 0.974230003416741 0.2091544588221439
0.1658714199774185 0.9735364689078772 0.1572050118191418
0.2435058546824768 0.9642387108219438 0.1046355928343334
0.3167434874923661 0.9470812599516137 0.0520639047674784
-0.3419638707865318 0.8734777294898849 0.3465506704103855
-0.2565934973624208 0.9174671415539477 0.3039964165580736
-0.1703469244875446 0.9510155633438038 0.2579754321548901
-0.08444117951232465 0.974230003416741 0.2091544588221439
0 0.9874006748807506 0.1582400304759772
0.08195525676277257 0.9909880063090566 0.1059533257644587
0.1605360162396504 0.9856063101058298 0.05299423524755922
-0.3350671027999364 0.9076507474329913 0.2527848043407452
-0.2506401759908928 0.9458281558443983 0.2063700603073005
-0.1658714199774185 0.9735364689078772 0.1572050118191418
-0.08195525676277253 0.9909880063090566 0.1059533257644587
-1.734815045988608e-18 0.99857758851567 0.0533179117579559
-0.4089153643748601 0.8901159072313618 0.2012011343702244
-0.3267173765044751 0.9324511255640845 0.1542421937224223
-0.2435058546824768 0.9642387108219439 0.1046355928343334
-0.1605360162396504 0.9856063101058298 0.05299423524755922
-0.3980899413284452 0.9116377227585345 0.1021815103467761
-0.3167434874923661 0.9470812599516137 0.0520639047674784
-0.4644664290962188 0.8841407903638256 0.05065569126402956
-0.08196263018882105 -0.5464290592850397 0.8334850990997962
-0.1653331567628829 -0.5634230980913277 0.8094562124117585
-0.2333783971035639 -0.4931565318756778 0.8380520024638833
-0.1764130443833118 -0.642293761478424 0.7458801255813893
-0.2495691119422252 -0.5762864884467001 0.7782089318416618
-0.3174531571453584 -0.5043710484388828 0.803015154598658
-0.3793029090011849 -0.4277103446248903 0.8204834942423257
-0.260865193756406 -0.6525202599452945 0.7114539064811984
-0.333913771837578 -0.5845539478284705 0.7394580955370977
-0.4011544570641322 -0.5109565496876212 0.7602621297348058
-0.4619321859268458 -0.4329278047066245 0.7740750425616041
-0.5157649350956274 -0.3517125417700656 0.7812072834321524
-0.26717432838524 -0.7212667797877166 0.6390556396954444
-0.3450851297102027 -0.6577479544265528 0.6695400523498037
-0.4174130174890548 -0.5877599419765993 0.6930401311889137
-0.4834329346831721 -0.5124837288783078 0.7096851592774086
-0.5425991960478619 -0.4331424626409193 0.7197039109978307
-0.5945385769257364 -0.3509725479438519 0.7234239083254858
-0.6390556396954444 -0.2671743283852399 0.7212667797877166
-0.3509725479438519 -0.7234239083254858 0.5945385769257363
-0.4280425493659835 -0.6574976402886608 0.6200616331842445
-0.4989592491826384 -0.5854775921077379 0.6389488686857683
-0.5631119078304812 -0.5085806918190697 0.6513452687848068
-0.6200616331842446 -0.4280425493659833 0.6574976402886606
-0.6695400523498037 -0.3450851297102027 0.6577479544265528
-0.7114539064811987 -0.260865193756406 0.6525202599452944
-0.7458801255813893 -0.1764130443833118 0.642293761478424
-0.3517125417700656 -0.7812072834321525 0.5157649350956274
-0.4331424626409194 -0.7197039109978307 0.5425991960478618
-0.5085806918190697 -0.6513452687848069 0.5631119078304809
-0.577350269189626 -0.5773502691896257 0.5773502691896257
-0.6389488686857683 -0.4989592491826383 0.5854775921077379
-0.6930401311889138 -0.4174130174890547 0.5877599419765992
-0.7394580955370978 -0.333913771837578 0.5845539478284706
-0.778208931841662 -0.2495691119422251 0.5762864884466999
-0.8094562124117585 -0.165333156762883 0.5634230980913278
-0.833485099099796 -0.08196263018882105 0.5464290592850397
-0.4329278047066245 -0.774075042561604 0.4619321859268456
-0.5124837288783082 -0.7096851592774085 0.4834329346831719
-0.585477592107738 -0.6389488686857684 0.4989592491826383
-0.6513452687848069 -0.5631119078304809 0.5085806918190696
-0.7096851592774086 -0.4834329346831721 0.512483728878308
-0.7602621297348058 -0.4011544570641322 0.5109565496876212
-0.803015154598658 -0.3174531571453583 0.5043710484388827
-0.8380520024638833 -0.233378397103564 0.4931565318756778
-0.4277103446248904 -0.8204834942423257 0.3793029090011847
-0.5109565496876213 -0.7602621297348059 0.4011544570641321
-0.5877599419765994 -0.6930401311889137 0.4174130174890547
-0.6574976402886609 -0.6200616331842445 0.4280425493659833
-0.7197039109978309 -0.5425991960478619 0.4331424626409193
-0.7740750425616041 -0.4619321859268457 0.4329278047066244
-0.8204834942423257 -0.3793029090011849 0.4277103446248903
-0.5043710484388829 -0.803015154598658 0.3174531571453582
-0.5845539478284707 -0.7394580955370977 0.3339137718375779
-0.6577479544265528 -0.6695400523498037 0.3450851297102026
-0.7234239083254859 -0.5945385769257363 0.3509725479438519
-0.7812072834321525 -0.5157649350956274 0.3517125417700655
-0.4931565318756778 -0.8380520024638833 0.2333783971035638
-0.5762864884467001 -0.7782089318416618 0.2495691119422249
-0.6525202599452945 -0.7114539064811987 0.2608651937564059
-0.7212667797877166 -0.6390556396954443 0.2671743283852398
-0.563423098091328 -0.8094562124117584 0.1653331567628828
-0.6422937614784239 -0.7458801255813893 0.1764130443833117
-0.5464290592850398 -0.8334850990997962 0.08196263018882093
-1.224427895991066e-16 -0.5970847505490693 -0.8021781601750049
-1.994979469933184e-17 -0.6656046084381039 -0.746304565995652
0.0921718768824939 -0.6943576662459022 -0.7137028628480502
-0.09217187688249405 -0.6943576662459021 -0.7137028628480501
-5.089007655890523e-17 -0.7305286821691224 -0.6828820136218594
0.0915612481174595 -0.7571558527796279 -0.6467855536765855
0.1814278545468813 -0.7742610150352758 -0.6063034011046452
-0.09156124811745958 -0.757155852779628 -0.6467855536765855
-1.850797980192182e-17 -0.7909240081357711 -0.6119143840068205
0.09072207738500217 -0.8149529662456947 -0.5723820118437453
0.1795364656358677 -0.8293772340899445 -0.529055820382211
0.2654423483365252 -0.8345251951901085 -0.4828126534200429
-0.1814278545468815 -0.7742610150352758 -0.606303401104645
-0.09072207738500228 -0.8149529662456947 -0.5723820118437452
-3.355169039907808e-17 -0.8457353741314892 -0.5336025458547491
0.08962352609316421 -0.8666520991108047 -0.4907970687335693
0.177104714949969 -0.8779439414738081 -0.4448014788328888
0.2614917223986403 -0.8800283683260626 -0.3964494293833203
0.3419638707865318 -0.8734777294898849 -0.3465506704103856
-0.1795364656358678 -0.8293772340899446 -0.5290558203822109
-0.08962352609316432 -0.8666520991108047 -0.4907970687335692
-6.017152712206933e-17 -0.8938513671037364 -0.4483633944991287
0.08823336095432585 -0.9111342063395161 -0.4025535145204467
0.1740647056054889 -0.9188396180995525 -0.3541683702324968
0.2565934973624207 -0.9174671415539477 -0.3039964165580737
0.3350671027999363 -0.9076507474329913 -0.2527848043407454
0.4089153643748601 -0.8901159072313618 -0.2012011343702245
-0.2654423483365252 -0.8345251951901083 -0.4828126534200428
-0.177104714949969 -0.8779439414738081 -0.4448014788328887
-0.08823336095432591 -0.9111342063395164 -0.4025535145204467
-6.364750612184411e-17 -0.9341723589627158 -0.35682208977309
0.0865183429250994 -0.947322643681767 -0.3083737749959988
0.1703469244875446 -0.9510155633438037 -0.2579754321548901
0.2506401759908928 -0.9458281558443983 -0.2063700603073006
0.326717376504475 -0.9324511255640843 -0.1542421937224224
0.3980899413284451 -0.9116377227585346 -0.1021815103467761
0.4644664290962188 -0.8841407903638258 -0.05065569126402961
-0.2614917223986404 -0.8800283683260626 -0.3964494293833203
-0.1740647056054889 -0.9188396180995525 -0.3541683702324967
-0.08651834292509948 -0.947322643681767 -0.3083737749959988
0 -0.9656654223509276 -0.2597889375547094
0.08444117951232462 -0.974230003416741 -0.2091544588221439
0.1658714199774185 -0.9735364689078772 -0.1572050118191418
0.2435058546824768 -0.9642387108219438 -0.1046355928343334
0.3167434874923661 -0.9470812599516137 -0.0520639047674784
-0.3419638707865318 -0.8734777294898849 -0.3465506704103855
-0.2565934973624208 -0.9174671415539477 -0.3039964165580736
-0.1703469244875446 -0.9510155633438038 -0.2579754321548901
-0.08444117951232465 -0.974230003416741 -0.2091544588221439
0 -0.9874006748807506 -0.1582400304759772
0.08195525676277257 -0.9909880063090566 -0.1059533257644587
0.1605360162396504 -0.9856063101058298 -0.05299423524755922
-0.3350671027999364 -0.9076507474329913 -0.2527848043407452
-0.2506401759908928 -0.9458281558443983 -0.2063700603073005
-0.1658714199774185 -0.9735364689078772 -0.1572050118191418
-0.08195525676277253 -0.9909880063090566 -0.1059533257644587
-1.734815045988608e-18 -0.99857758851567 -0.0533179117579559
-0.4089153643748601 -0.8901159072313618 -0.2012011343702244
-0.3267173765044751 -0.9324511255640845 -0.1542421937224223
-0.2435058546824768 -0.9642387108219439 -0.1046355928343334
-0.1605360162396504 -0.9856063101058298 -0.05299423524755922
-0.3980899413284452 -0.9116377227585345 -0.1021815103467761
-0.3167434874923661 -0.9470812599516137 -0.0520639047674784
-0.4644664290962188 -0.8841407903638256 -0.05065569126402956
0.05065569126402972 0.4644664290962188 0.8841407903638258
0.1021815103467763 0.3980899413284451 0.9116377227585346
0.05206390476747849 0.3167434874923662 0.9470812599516137
0.2012011343702246 0.4089153643748601 0.8901159072313618
0.1542421937224225 0.326717376504475 0.9324511255640843
0.1046355928343335 0.2435058546824768 0.9642387108219438
0.05299423524755929 0.1605360162396504 0.9856063101058298
0.2527848043407454 0.3350671027999363 0.9076507474329915
0.2063700603073008 0.2506401759908929 0.9458281558443983
0.1572050118191419 0.1658714199774185 0.9735364689078772
0.1059533257644588 0.08195525676277257 0.9909880063090565
0.05331791175795596 1.156543363992406e-18 0.99857758851567
0.3465506704103856 0.3419638707865318 0.8734777294898849
0.3039964165580737 0.2565934973624207 0.9174671415539477
0.2579754321548903 0.1703469244875446 0.9510155633438038
0.2091544588221441 0.08444117951232465 0.974230003416741
0.1582400304759774 1.156850351902369e-17 0.9874006748807506
0.1059533257644588 -0.08195525676277252 0.9909880063090566
0.05299423524755929 -0.1605360162396504 0.9856063101058298
0.3964494293833203 0.2614917223986403 0.8800283683260626
0.3541683702324968 0.1740647056054889 0.9188396180995525
0.3083737749959988 0.08651834292509941 0.9473226436817669
0.2597889375547095 5.438503010227619e-17 0.9656654223509276
0.2091544588221441 -0.08444117951232463 0.974230003416741
0.1572050118191419 -0.1658714199774185 0.9735364689078772
0.1046355928343336 -0.2435058546824768 0.9642387108219438
0.05206390476747845 -0.3167434874923662 0.9470812599516137
0.4828126534200428 0.2654423483365252 0.8345251951901083
0.4448014788328887 0.177104714949969 0.8779439414738081
0.4025535145204467 0.08823336095432592 0.9111342063395164
0.3568220897730901 -1.504395599243588e-17 0.9341723589627158
0.3083737749959988 -0.08651834292509943 0.947322643681767
0.2579754321548903 -0.1703469244875446 0.9510155633438038
0.2063700603073008 -0.2506401759908928 0.9458281558443983
0.1542421937224225 -0.3267173765044749 0.9324511255640843
0.1021815103467763 -0.3980899413284452 0.9116377227585346
0.05065569126402959 -0.4644664290962188 0.8841407903638259
0.5290558203822109 0.1795364656358678 0.8293772340899446
0.4907970687335694 0.08962352609316422 0.8666520991108047
0.4483633944991287 3.008576356103468e-17 0.8938513671037366
0.4025535145204467 -0.08823336095432588 0.9111342063395164
0.3541683702324968 -0.1740647056054889 0.9188396180995525
0.3039964165580737 -0.2565934973624208 0.9174671415539477
0.2527848043407455 -0.3350671027999364 0.9076507474329913
0.2012011343702246 -0.4089153643748601 0.8901159072313618
0.6063034011046451 0.1814278545468813 0.7742610150352758
0.5723820118437453 0.09072207738500221 0.8149529662456947
0.5336025458547491 0 0.8457353741314892
0.4907970687335694 -0.08962352609316424 0.8666520991108047
0.4448014788328887 -0.177104714949969 0.8779439414738081
0.3964494293833204 -0.2614917223986403 0.8800283683260626
0.3465506704103856 -0.3419638707865318 0.8734777294898849
0.6467855536765855 0.09156124811745953 0.757155852779628
0.6119143840068205 -2.313497475240228e-18 0.7909240081357711
0.5723820118437453 -0.09072207738500226 0.8149529662456947
0.5290558203822111 -0.1795364656358678 0.8293772340899446
0.4828126534200428 -0.2654423483365252 0.8345251951901083
0.71370286284805 0.09217187688249394 0.6943576662459022
0.6828820136218593 -1.098763016612727e-16 0.7305286821691224
0.6467855536765855 -0.09156124811745955 0.757155852779628
0.6063034011046451 -0.1814278545468814 0.7742610150352758
0.7463045659956519 0 0.665604608438104
0.71370286284805 -0.09217187688249398 0.6943576662459022
0.8021781601750049 -3.866994830904489e-17 0.5970847505490693
0.08196263018882105 0.5464290592850397 0.8334850990997962
0.1653331567628829 0.5634230980913277 0.8094562124117585
0.2333783971035639 0.4931565318756778 0.8380520024638833
0.1764130443833118 0.642293761478424 0.7458801255813893
0.2495691119422252 0.5762864884467001 0.7782089318416618
0.3174531571453584 0.5043710484388828 0.803015154598658
0.3793029090011849 0.4277103446248903 0.8204834942423257
0.260865193756406 0.6525202599452945 0.7114539064811984
0.333913771837578 0.5845539478284705 0.7394580955370977
0.4011544570641322 0.5109565496876212 0.7602621297348058
0.4619321859268458 0.4329278047066245 0.7740750425616041
0.5157649350956274 0.3517125417700656 0.7812072834321524
0.26717432838524 0.7212667797877166 0.6390556396954444
0.3450851297102027 0.6577479544265528 0.6695400523498037
0.4174130174890548 0.5877599419765993 0.6930401311889137
0.4834329346831721 0.5124837288783078 0.7096851592774086
0.5425991960478619 0.4331424626409193 0.7197039109978307
0.5945385769257364 0.3509725479438519 0.7234239083254858
0.6390556396954444 0.2671743283852399 0.7212667797877166
0.3509725479438519 0.7234239083254858 0.5945385769257363
0.4280425493659835 0.6574976402886608 0.6200616331842445
0.4989592491826384 0.5854775921077379 0.6389488686857683
0.5631119078304812 0.5085806918190697 0.6513452687848068
0.6200616331842446 0.4280425493659833 0.6574976402886606
0.6695400523498037 0.3450851297102027 0.6577479544265528
0.7114539064811987 0.260865193756406 0.6525202599452944
0.7458801255813893 0.1764130443833118 0.642293761478424
0.3517125417700656 0.7812072834321525 0.5157649350956274
0.4331424626409194 0.7197039109978307 0.5425991960478618
0.5085806918190697 0.6513452687848069 0.5631119078304809
0.577350269189626 0.5773502691896257 0.5773502691896257
0.6389488686857683 0.4989592491826383 0.5854775921077379
0.6930401311889138 0.4174130174890547 0.5877599419765992
0.7394580955370978 0.333913771837578 0.5845539478284706
0.778208931841662 0.2495691119422251 0.5762864884466999
0.8094562124117585 0.165333156762883 0.5634230980913278
0.833485099099796 0.08196263018882105 0.5464290592850397
0.4329278047066245 0.774075042561604 0.4619321859268456
0.5124837288783082 0.7096851592774085 0.4834329346831719
0.585477592107738 0.6389488686857684 0.4989592491826383
0.6513452687848069 0.5631119078304809 0.5085806918190696
0.7096851592774086 0.4834329346831721 0.512483728878308
0.7602621297348058 0.4011544570641322 0.5109565496876212
0.803015154598658 0.3174531571453583 0.5043710484388827
0.8380520024638833 0.233378397103564 0.4931565318756778
0.4277103446248904 0.8204834942423257 0.3793029090011847
0.5109565496876213 0.7602621297348059 0.4011544570641321
0.5877599419765994 0.6930401311889137 0.4174130174890547
0.6574976402886609 0.6200616331842445 0.4280425493659833
0.7197039109978309 0.5425991960478619 0.4331424626409193
0.7740750425616041 0.4619321859268457 0.4329278047066244
0.8204834942423257 0.3793029090011849 0.4277103446248903
0.5043710484388829 0.803015154598658 0.3174531571453582
0.5845539478284707 0.7394580955370977 0.3339137718375779
0.6577479544265528 0.6695400523498037 0.3450851297102026
0.7234239083254859 0.5945385769257363 0.3509725479438519
0.7812072834321525 0.5157649350956274 0.3517125417700655
0.4931565318756778 0.8380520024638833 0.2333783971035638
0.5762864884467001 0.7782089318416618 0.2495691119422249
0.6525202599452945 0.7114539064811987 0.2608651937564059
0.7212667797877166 0.6390556396954443 0.2671743283852398
0.563423098091328 0.8094562124117584 0.1653331567628828
0.6422937614784239 0.7458801255813893 0.1764130443833117
0.5464290592850398 0.8334850990997962 0.08196263018882093
0.5970847505490693 -0.8021781601750049 3.866994830904489e-17
0.665604608438104 -0.7463045659956519 0
0.6943576662459022 -0.7137028628480501 -0.09217187688249397
0.6943576662459022 -0.7137028628480501 0.09217187688249398
0.7305286821691224 -0.6828820136218593 1.029367457668765e-16
0.757155852779628 -0.6467855536765855 -0.09156124811745953
0.7742610150352758 -0.606303401104645 -0.1814278545468814
0.757155852779628 -0.6467855536765855 0.09156124811745957
0.7909240081357712 -0.6119143840068204 0
0.8149529662456947 -0.572382011843745 -0.09072207738500221
0.8293772340899446 -0.5290558203822109 -0.1795364656358678
0.8345251951901083 -0.4828126534200428 -0.2654423483365251
0.7742610150352758 -0.6063034011046451 0.1814278545468814
0.8149529662456947 -0.5723820118437453 0.09072207738500226
0.8457353741314892 -0.5336025458547491 0
0.8666520991108047 -0.4907970687335694 -0.08962352609316422
0.8779439414738081 -0.4448014788328889 -0.177104714949969
0.8800283683260628 -0.3964494293833204 -0.2614917223986403
0.8734777294898849 -0.3465506704103856 -0.3419638707865318
0.8293772340899446 -0.5290558203822109 0.1795364656358677
0.8666520991108047 -0.4907970687335694 0.08962352609316422
0.8938513671037364 -0.4483633944991288 -1.967146078990729e-17
0.9111342063395164 -0.4025535145204466 -0.08823336095432592
0.9188396180995525 -0.3541683702324968 -0.1740647056054889
0.9174671415539477 -0.3039964165580737 -0.2565934973624208
0.9076507474329913 -0.2527848043407454 -0.3350671027999362
0.8901159072313618 -0.2012011343702246 -0.4089153643748601
0.8345251951901083 -0.4828126534200428 0.2654423483365252
0.8779439414738081 -0.444801478832889 0.177104714949969
0.9111342063395161 -0.4025535145204467 0.08823336095432585
0.9341723589627158 -0.3568220897730901 1.504395599243588e-17
0.947322643681767 -0.3083737749959989 -0.08651834292509944
0.9510155633438038 -0.2579754321548903 -0.1703469244875446
0.9458281558443983 -0.2063700603073008 -0.2506401759908928
0.9324511255640843 -0.1542421937224225 -0.326717376504475
0.9116377227585346 -0.1021815103467763 -0.3980899413284451
0.8841407903638258 -0.05065569126402971 -0.4644664290962188
0.8800283683260626 -0.3964494293833203 0.2614917223986403
0.9188396180995525 -0.3541683702324968 0.1740647056054889
0.947322643681767 -0.3083737749959988 0.08651834292509941
0.9656654223509276 -0.2597889375547094 -5.669928670237306e-17
0.974230003416741 -0.2091544588221441 -0.08444117951232465
0.9735364689078772 -0.1572050118191419 -0.1658714199774185
0.9642387108219437 -0.1046355928343335 -0.2435058546824768
0.9470812599516137 -0.05206390476747849 -0.3167434874923662
0.8734777294898849 -0.3465506704103856 0.3419638707865318
0.9174671415539477 -0.3039964165580737 0.2565934973624208
0.9510155633438038 -0.2579754321548903 0.1703469244875446
0.974230003416741 -0.2091544588221441 0.08444117951232463
0.9874006748807506 -0.1582400304759774 -1.156850351902369e-17
0.9909880063090566 -0.1059533257644588 -0.08195525676277257
0.9856063101058298 -0.05299423524755929 -0.1605360162396504
0.9076507474329913 -0.2527848043407454 0.3350671027999363
0.9458281558443983 -0.2063700603073008 0.2506401759908928
0.9735364689078772 -0.1572050118191419 0.1658714199774185
0.9909880063090566 -0.1059533257644588 0.08195525676277253
0.99857758851567 -0.05331791175795595 -1.156543363992406e-18
0.8901159072313618 -0.2012011343702246 0.4089153643748601
0.9324511255640843 -0.1542421937224225 0.326717376504475
0.9642387108219437 -0.1046355928343336 0.2435058546824768
0.9856063101058298 -0.05299423524755929 0.1605360162396504
0.9116377227585346 -0.1021815103467763 0.3980899413284452
0.9470812599516137 -0.05206390476747844 0.3167434874923662
0.8841407903638258 -0.0506556912640296 0.4644664290962188
0.08196263018882105 0.5464290592850396 -0.8334850990997962
0.1653331567628829 0.5634230980913278 -0.8094562124117585
0.1764130443833118 0.6422937614784238 -0.7458801255813895
0.233378397103564 0.4931565318756777 -0.8380520024638836
0.2495691119422251 0.5762864884466999 -0.778208931841662
0.2608651937564059 0.6525202599452945 -0.7114539064811987
0.2671743283852398 0.7212667797877166 -0.6390556396954444
0.3174531571453583 0.5043710484388828 -0.8030151545986581
0.3339137718375779 0.5845539478284705 -0.739458095537098
0.3450851297102027 0.6577479544265528 -0.6695400523498037
0.3509725479438518 0.7234239083254859 -0.5945385769257364
0.3517125417700656 0.7812072834321524 -0.5157649350956274
0.3793029090011849 0.4277103446248902 -0.8204834942423257
0.4011544570641322 0.5109565496876212 -0.7602621297348059
0.4174130174890547 0.5877599419765992 -0.6930401311889137
0.4280425493659833 0.6574976402886606 -0.6200616331842446
0.4331424626409194 0.7197039109978307 -0.542599196047862
0.4329278047066244 0.7740750425616041 -0.4619321859268458
0.4277103446248903 0.8204834942423256 -0.3793029090011849
0.4619321859268458 0.4329278047066245 -0.7740750425616041
0.4834329346831721 0.512483728878308 -0.7096851592774086
0.4989592491826385 0.585477592107738 -0.6389488686857683
0.5085806918190695 0.6513452687848068 -0.5631119078304812
0.5124837288783081 0.7096851592774085 -0.4834329346831721
0.5109565496876211 0.7602621297348059 -0.4011544570641322
0.5043710484388827 0.803015154598658 -0.3174531571453583
0.4931565318756778 0.8380520024638833 -0.2333783971035639
0.5157649350956274 0.3517125417700656 -0.7812072834321525
0.5425991960478619 0.4331424626409194 -0.7197039109978307
0.5631119078304809 0.5085806918190696 -0.6513452687848069
0.5773502691896258 0.5773502691896257 -0.5773502691896258
0.5854775921077378 0.6389488686857684 -0.4989592491826385
0.5877599419765992 0.6930401311889137 -0.4174130174890547
0.5845539478284706 0.7394580955370976 -0.333913771837578
0.5762864884466999 0.778208931841662 -0.2495691119422251
0.5634230980913281 0.8094562124117585 -0.1653331567628828
0.5464290592850397 0.8334850990997962 -0.08196263018882101
0.5945385769257363 0.3509725479438519 -0.7234239083254859
0.6200616331842445 0.4280425493659833 -0.6574976402886608
0.6389488686857683 0.4989592491826384 -0.5854775921077379
0.6513452687848068 0.5631119078304809 -0.5085806918190697
0.6574976402886608 0.6200616331842445 -0.4280425493659835
0.6577479544265528 0.6695400523498037 -0.3450851297102026
0.6525202599452946 0.7114539064811986 -0.2608651937564059
0.642293761478424 0.7458801255813893 -0.1764130443833118
0.6390556396954444 0.2671743283852399 -0.7212667797877167
0.6695400523498037 0.3450851297102027 -0.6577479544265528
0.6930401311889137 0.4174130174890547 -0.5877599419765993
0.7096851592774086 0.4834329346831719 -0.5124837288783081
0.7197039109978307 0.5425991960478619 -0.4331424626409194
0.723423908325486 0.5945385769257364 -0.3509725479438518
0.7212667797877167 0.6390556396954442 -0.2671743283852399
0.7114539064811987 0.2608651937564059 -0.6525202599452944
0.7394580955370977 0.333913771837578 -0.5845539478284706
0.7602621297348059 0.4011544570641322 -0.5109565496876211
0.7740750425616041 0.4619321859268457 -0.4329278047066244
0.7812072834321524 0.5157649350956274 -0.3517125417700656
0.7458801255813893 0.1764130443833118 -0.6422937614784239
0.778208931841662 0.2495691119422252 -0.5762864884466998
0.803015154598658 0.3174531571453583 -0.5043710484388827
0.8204834942423257 0.3793029090011849 -0.4277103446248903
0.8094562124117585 0.165333156762883 -0.5634230980913278
0.8380520024638833 0.2333783971035639 -0.4931565318756778
0.8334850990997962 0.08196263018882109 -0.5464290592850397
0.0506556912640296 0.4644664290962188 -0.8841407903638258
0.1021815103467763 0.3980899413284452 -0.9116377227585346
0.2012011343702246 0.4089153643748601 -0.8901159072313618
0.05206390476747844 0.3167434874923661 -0.9470812599516137
0.1542421937224225 0.3267173765044749 -0.9324511255640843
0.2527848043407455 0.3350671027999364 -0.9076507474329913
0.3465506704103856 0.3419638707865318 -0.8734777294898849
0.1046355928343336 0.2435058546824768 -0.9642387108219438
0.2063700603073008 0.2506401759908928 -0.9458281558443983
0.3039964165580737 0.2565934973624208 -0.9174671415539477
0.3964494293833203 0.2614917223986403 -0.8800283683260626
0.482812653420043 0.2654423483365252 -0.8345251951901083
0.05299423524755929 0.1605360162396504 -0.9856063101058298
0.1572050118191419 0.1658714199774185 -0.9735364689078772
0.2579754321548903 0.1703469244875446 -0.9510155633438038
0.3541683702324968 0.1740647056054889 -0.9188396180995525
0.4448014788328888 0.177104714949969 -0.8779439414738081
0.529055820382211 0.1795364656358677 -0.8293772340899446
0.6063034011046451 0.1814278545468814 -0.7742610150352758
0.1059533257644588 0.08195525676277252 -0.9909880063090566
0.2091544588221441 0.08444117951232465 -0.974230003416741
0.3083737749959988 0.08651834292509943 -0.947322643681767
0.4025535145204467 0.08823336095432587 -0.9111342063395164
0.4907970687335694 0.08962352609316422 -0.8666520991108047
0.5723820118437453 0.09072207738500226 -0.8149529662456947
0.6467855536765856 0.09156124811745957 -0.757155852779628
0.71370286284805 0.09217187688249398 -0.6943576662459022
0.05331791175795595 -1.156543363992406e-18 -0.99857758851567
0.1582400304759773 -1.159621018863509e-17 -0.9874006748807506
0.2597889375547095 -5.423092773184054e-17 -0.9656654223509276
0.3568220897730901 1.54765558606782e-17 -0.9341723589627158
0.4483633944991287 -3.008911107518275e-17 -0.8938513671037366
0.5336025458547491 0 -0.8457353741314895
0.6119143840068206 2.313497475240228e-18 -0.7909240081357711
0.6828820136218593 1.100920230679747e-16 -0.7305286821691224
0.7463045659956519 0 -0.665604608438104
0.8021781601750047 3.866733456642859e-17 -0.5970847505490693
0.1059533257644588 -0.08195525676277257 -0.9909880063090566
0.2091544588221441 -0.08444117951232465 -0.974230003416741
0.3083737749959989 -0.08651834292509943 -0.947322643681767
0.4025535145204467 -0.08823336095432592 -0.9111342063395164
0.4907970687335694 -0.08962352609316422 -0.8666520991108047
0.5723820118437453 -0.09072207738500221 -0.8149529662456947
0.6467855536765856 -0.09156124811745955 -0.757155852779628
0.71370286284805 -0.09217187688249394 -0.6943576662459022
0.05299423524755929 -0.1605360162396504 -0.9856063101058298
0.1572050118191419 -0.1658714199774185 -0.9735364689078772
0.2579754321548903 -0.1703469244875446 -0.9510155633438038
0.3541683702324968 -0.1740647056054889 -0.9188396180995525
0.4448014788328887 -0.177104714949969 -0.8779439414738082
0.5290558203822109 -0.1795364656358678 -0.8293772340899446
0.6063034011046452 -0.1814278545468814 -0.7742610150352758
0.1046355928343336 -0.2435058546824768 -0.9642387108219438
0.2063700603073007 -0.2506401759908928 -0.9458281558443983
0.3039964165580737 -0.2565934973624207 -0.9174671415539477
0.3964494293833203 -0.2614917223986403 -0.8800283683260626
0.482812653420043 -0.2654423483365252 -0.8345251951901083
0.05206390476747848 -0.3167434874923661 -0.9470812599516137
0.1542421937224225 -0.3267173765044751 -0.9324511255640843
0.2527848043407454 -0.3350671027999363 -0.9076507474329915
0.3465506704103856 -0.3419638707865318 -0.8734777294898849
0.1021815103467763 -0.3980899413284451 -0.9116377227585346
0.2012011343702246 -0.4089153643748601 -0.8901159072313618
0.05065569126402971 -0.4644664290962188 -0.8841407903638258
0.5970847505490693 0.8021781601750049 -3.866994830904489e-17
0.665604608438104 0.7463045659956519 0
0.6943576662459022 0.7137028628480501 0.09217187688249397
0.6943576662459022 0.7137028628480501 -0.09217187688249398
0.7305286821691224 0.6828820136218593 -1.029367457668765e-16
0.757155852779628 0.6467855536765855 0.09156124811745953
0.7742610150352758 0.606303401104645 0.1814278545468814
0.757155852779628 0.6467855536765855 -0.09156124811745957
0.7909240081357712 0.6119143840068204 0
0.8149529662456947 0.572382011843745 0.09072207738500221
0.8293772340899446 0.5290558203822109 0.1795364656358678
0.8345251951901083 0.4828126534200428 0.2654423483365251
0.7742610150352758 0.6063034011046451 -0.1814278545468814
0.8149529662456947 0.5723820118437453 -0.09072207738500226
0.8457353741314892 0.5336025458547491 0
0.8666520991108047 0.4907970687335694 0.08962352609316422
0.8779439414738081 0.4448014788328889 0.177104714949969
0.8800283683260628 0.3964494293833204 0.2614917223986403
0.8734777294898849 0.3465506704103856 0.3419638707865318
0.8293772340899446 0.5290558203822109 -0.1795364656358677
0.8666520991108047 0.4907970687335694 -0.08962352609316422
0.8938513671037364 0.4483633944991288 1.967146078990729e-17
0.9111342063395164 0.4025535145204466 0.08823336095432592
0.9188396180995525 0.3541683702324968 0.1740647056054889
0.9174671415539477 0.3039964165580737 0.2565934973624208
0.9076507474329913 0.2527848043407454 0.3350671027999362
0.8901159072313618 0.2012011343702246 0.4089153643748601
0.8345251951901083 0.4828126534200428 -0.2654423483365252
0.8779439414738081 0.444801478832889 -0.177104714949969
0.9111342063395161 0.4025535145204467 -0.08823336095432585
0.9341723589627158 0.3568220897730901 -1.504395599243588e-17
0.947322643681767 0.3083737749959989 0.08651834292509944
0.9510155633438038 0.2579754321548903 0.1703469244875446
0.9458281558443983 0.2063700603073008 0.2506401759908928
0.9324511255640843 0.1542421937224225 0.326717376504475
0.9116377227585346 0.1021815103467763 0.3980899413284451
0.8841407903638258 0.05065569126402971 0.4644664290962188
0.8800283683260626 0.3964494293833203 -0.2614917223986403
0.9188396180995525 0.3541683702324968 -0.1740647056054889
0.947322643681767 0.3083737749959988 -0.08651834292509941
0.9656654223509276 0.2597889375547094 5.669928670237306e-17
0.974230003416741 0.2091544588221441 0.08444117951232465
0.9735364689078772 0.1572050118191419 0.1658714199774185
0.9642387108219437 0.1046355928343335 0.2435058546824768
0.9470812599516137 0.05206390476747849 0.3167434874923662
0.8734777294898849 0.3465506704103856 -0.3419638707865318
0.9174671415539477 0.3039964165580737 -0.2565934973624208
0.9510155633438038 0.2579754321548903 -0.1703469244875446
0.974230003416741 0.2091544588221441 -0.08444117951232463
0.9874006748807506 0.1582400304759774 1.156850351902369e-17
0.9909880063090566 0.1059533257644588 0.08195525676277257
0.9856063101058298 0.05299423524755929 0.1605360162396504
0.9076507474329913 0.2527848043407454 -0.3350671027999363
0.9458281558443983 0.2063700603073008 -0.2506401759908928
0.9735364689078772 0.1572050118191419 -0.1658714199774185
0.9909880063090566 0.1059533257644588 -0.08195525676277253
0.99857758851567 0.05331791175795595 1.156543363992406e-18
0.8901159072313618 0.2012011343702246 -0.4089153643748601
0.9324511255640843 0.1542421937224225 -0.326717376504475
0.9642387108219437 0.1046355928343336 -0.2435058546824768
0.9856063101058298 0.05299423524755929 -0.1605360162396504
0.9116377227585346 0.1021815103467763 -0.3980899413284452
0.9470812599516137 0.05206390476747844 -0.3167434874923662
0.8841407903638258 0.0506556912640296 -0.4644664290962188
-0.08196263018882105 0.5464290592850396 0.8334850990997962
-0.1653331567628829 0.5634230980913278 0.8094562124117585
-0.1764130443833118 0.6422937614784238 0.7458801255813895
-0.233378397103564 0.4931565318756777 0.8380520024638836
-0.2495691119422251 0.5762864884466999 0.778208931841662
-0.2608651937564059 0.6525202599452945 0.7114539064811987
-0.2671743283852398 0.7212667797877166 0.6390556396954444
-0.3174531571453583 0.5043710484388828 0.8030151545986581
-0.3339137718375779 0.5845539478284705 0.739458095537098
-0.3450851297102027 0.6577479544265528 0.6695400523498037
-0.3509725479438518 0.7234239083254859 0.5945385769257364
-0.3517125417700656 0.7812072834321524 0.5157649350956274
-0.3793029090011849 0.4277103446248902 0.8204834942423257
-0.4011544570641322 0.5109565496876212 0.7602621297348059
-0.4174130174890547 0.5877599419765992 0.6930401311889137
-0.4280425493659833 0.6574976402886606 0.6200616331842446
-0.4331424626409194 0.7197039109978307 0.542599196047862
-0.4329278047066244 0.7740750425616041 0.4619321859268458
-0.4277103446248903 0.8204834942423256 0.3793029090011849
-0.4619321859268458 0.4329278047066245 0.7740750425616041
-0.4834329346831721 0.512483728878308 0.7096851592774086
-0.4989592491826385 0.585477592107738 0.6389488686857683
-0.5085806918190695 0.6513452687848068 0.5631119078304812
-0.5124837288783081 0.7096851592774085 0.4834329346831721
-0.5109565496876211 0.7602621297348059 0.4011544570641322
-0.5043710484388827 0.803015154598658 0.3174531571453583
-0.4931565318756778 0.8380520024638833 0.2333783971035639
-0.5157649350956274 0.3517125417700656 0.7812072834321525
-0.5425991960478619 0.4331424626409194 0.7197039109978307
-0.5631119078304809 0.5085806918190696 0.6513452687848069
-0.5773502691896258 0.5773502691896257 0.5773502691896258
-0.5854775921077378 0.6389488686857684 0.4989592491826385
-0.5877599419765992 0.6930401311889137 0.4174130174890547
-0.5845539478284706 0.7394580955370976 0.333913771837578
-0.5762864884466999 0.778208931841662 0.2495691119422251
-0.5634230980913281 0.8094562124117585 0.1653331567628828
-0.5464290592850397 0.8334850990997962 0.08196263018882101
-0.5945385769257363 0.3509725479438519 0.7234239083254859
-0.6200616331842445 0.4280425493659833 0.6574976402886608
-0.6389488686857683 0.4989592491826384 0.5854775921077379
-0.6513452687848068 0.5631119078304809 0.5085806918190697
-0.6574976402886608 0.6200616331842445 0.4280425493659835
-0.6577479544265528 0.6695400523498037 0.3450851297102026
-0.6525202599452946 0.7114539064811986 0.2608651937564059
-0.642293761478424 0.7458801255813893 0.1764130443833118
-0.6390556396954444 0.2671743283852399 0.7212667797877167
-0.6695400523498037 0.3450851297102027 0.6577479544265528
-0.6930401311889137 0.4174130174890547 0.5877599419765993
-0.7096851592774086 0.4834329346831719 0.5124837288783081
-0.7197039109978307 0.5425991960478619 0.4331424626409194
-0.723423908325486 0.5945385769257364 0.3509725479438518
-0.7212667797877167 0.6390556396954442 0.2671743283852399
-0.7114539064811987 0.2608651937564059 0.6525202599452944
-0.7394580955370977 0.333913771837578 0.5845539478284706
-0.7602621297348059 0.4011544570641322 0.5109565496876211
-0.7740750425616041 0.4619321859268457 0.4329278047066244
-0.7812072834321524 0.5157649350956274 0.3517125417700656
-0.7458801255813893 0.1764130443833118 0.6422937614784239
-0.778208931841662 0.2495691119422252 0.5762864884466998
-0.803015154598658 0.3174531571453583 0.5043710484388827
-0.8204834942423257 0.3793029090011849 0.4277103446248903
-0.8094562124117585 0.165333156762883 0.5634230980913278
-0.8380520024638833 0.2333783971035639 0.4931565318756778
-0.8334850990997962 0.08196263018882109 0.5464290592850397
-0.5970847505490693 0.8021781601750049 3.866994830904489e-17
-0.665604608438104 0.7463045659956519 0
-0.6943576662459022 0.7137028628480501 -0.09217187688249397
-0.6943576662459022 0.7137028628480501 0.09217187688249398
-0.7305286821691224 0.6828820136218593 1.029367457668765e-16
-0.757155852779628 0.6467855536765855 -0.09156124811745953
-0.7742610150352758 0.606303401104645 -0.1814278545468814
-0.757155852779628 0.6467855536765855 0.09156124811745957
-0.7909240081357712 0.6119143840068204 0
-0.8149529662456947 0.572382011843745 -0.09072207738500221
-0.8293772340899446 0.5290558203822109 -0.1795364656358678
-0.8345251951901083 0.4828126534200428 -0.2654423483365251
-0.7742610150352758 0.6063034011046451 0.1814278545468814
-0.8149529662456947 0.5723820118437453 0.09072207738500226
-0.8457353741314892 0.5336025458547491 0
-0.8666520991108047 0.4907970687335694 -0.08962352609316422
-0.8779439414738081 0.4448014788328889 -0.177104714949969
-0.8800283683260628 0.3964494293833204 -0.2614917223986403
-0.8734777294898849 0.3465506704103856 -0.3419638707865318
-0.8293772340899446 0.5290558203822109 0.1795364656358677
-0.8666520991108047 0.4907970687335694 0.08962352609316422
-0.8938513671037364 0.4483633944991288 -1.967146078990729e-17
-0.9111342063395164 0.4025535145204466 -0.08823336095432592
-0.9188396180995525 0.3541683702324968 -0.1740647056054889
-0.9174671415539477 0.3039964165580737 -0.2565934973624208
-0.9076507474329913 0.2527848043407454 -0.3350671027999362
-0.8901159072313618 0.2012011343702246 -0.4089153643748601
-0.8345251951901083 0.4828126534200428 0.2654423483365252
-0.8779439414738081 0.444801478832889 0.177104714949969
-0.9111342063395161 0.4025535145204467 0.08823336095432585
-0.9341723589627158 0.3568220897730901 1.504395599243588e-17
-0.947322643681767 0.3083737749959989 -0.08651834292509944
-0.9510155633438038 0.2579754321548903 -0.1703469244875446
-0.9458281558443983 0.2063700603073008 -0.2506401759908928
-0.9324511255640843 0.1542421937224225 -0.326717376504475
-0.9116377227585346 0.1021815103467763 -0.3980899413284451
-0.8841407903638258 0.05065569126402971 -0.4644664290962188
-0.8800283683260626 0.3964494293833203 0.2614917223986403
-0.9188396180995525 0.3541683702324968 0.1740647056054889
-0.947322643681767 0.3083737749959988 0.08651834292509941
-0.9656654223509276 0.2597889375547094 -5.669928670237306e-17
-0.974230003416741 0.2091544588221441 -0.08444117951232465
-0.9735364689078772 0.1572050118191419 -0.1658714199774185
-0.9642387108219437 0.1046355928343335 -0.2435058546824768
-0.9470812599516137 0.05206390476747849 -0.3167434874923662
-0.8734777294898849 0.3465506704103856 0.3419638707865318
-0.9174671415539477 0.3039964165580737 0.2565934973624208
-0.9510155633438038 0.2579754321548903 0.1703469244875446
-0.974230003416741 0.2091544588221441 0.08444117951232463
-0.9874006748807506 0.1582400304759774 -1.156850351902369e-17
-0.9909880063090566 0.1059533257644588 -0.08195525676277257
-0.9856063101058298 0.05299423524755929 -0.1605360162396504
-0.9076507474329913 0.2527848043407454 0.3350671027999363
-0.9458281558443983 0.2063700603073008 0.2506401759908928
-0.9735364689078772 0.1572050118191419 0.1658714199774185
-0.9909880063090566 0.1059533257644588 0.08195525676277253
-0.99857758851567 0.05331791175795595 -1.156543363992406e-18
-0.8901159072313618 0.2012011343702246 0.4089153643748601
-0.9324511255640843 0.1542421937224225 0.326717376504475
-0.9642387108219437 0.1046355928343336 0.2435058546824768
-0.9856063101058298 0.05299423524755929 0.1605360162396504
-0.9116377227585346 0.1021815103467763 0.3980899413284452
-0.9470812599516137 0.05206390476747844 0.3167434874923662
-0.8841407903638258 0.0506556912640296 0.4644664290962188
-0.08196263018882105 0.5464290592850397 -0.8334850990997962
-0.1653331567628829 0.5634230980913277 -0.8094562124117585
-0.2333783971035639 0.4931565318756778 -0.8380520024638833
-0.1764130443833118 0.642293761478424 -0.7458801255813893
-0.2495691119422252 0.5762864884467001 -0.7782089318416618
-0.3174531571453584 0.5043710484388828 -0.803015154598658
-0.3793029090011849 0.4277103446248903 -0.8204834942423257
-0.260865193756406 0.6525202599452945 -0.7114539064811984
-0.333913771837578 0.5845539478284705 -0.7394580955370977
-0.4011544570641322 0.5109565496876212 -0.7602621297348058
-0.4619321859268458 0.4329278047066245 -0.7740750425616041
-0.5157649350956274 0.3517125417700656 -0.7812072834321524
-0.26717432838524 0.7212667797877166 -0.6390556396954444
-0.3450851297102027 0.6577479544265528 -0.6695400523498037
-0.4174130174890548 0.5877599419765993 -0.6930401311889137
-0.4834329346831721 0.5124837288783078 -0.7096851592774086
-0.5425991960478619 0.4331424626409193 -0.7197039109978307
-0.5945385769257364 0.3509725479438519 -0.7234239083254858
-0.6390556396954444 0.2671743283852399 -0.7212667797877166
-0.3509725479438519 0.7234239083254858 -0.5945385769257363
-0.4280425493659835 0.6574976402886608 -0.6200616331842445
-0.4989592491826384 0.5854775921077379 -0.6389488686857683
-0.5631119078304812 0.5085806918190697 -0.6513452687848068
-0.6200616331842446 0.4280425493659833 -0.6574976402886606
-0.6695400523498037 0.3450851297102027 -0.6577479544265528
-0.7114539064811987 0.260865193756406 -0.6525202599452944
-0.7458801255813893 0.1764130443833118 -0.642293761478424
-0.3517125417700656 0.7812072834321525 -0.5157649350956274
-0.4331424626409194 0.7197039109978307 -0.5425991960478618
-0.5085806918190697 0.6513452687848069 -0.5631119078304809
-0.577350269189626 0.5773502691896257 -0.5773502691896257
-0.6389488686857683 0.4989592491826383 -0.5854775921077379
-0.6930401311889138 0.4174130174890547 -0.5877599419765992
-0.7394580955370978 0.333913771837578 -0.5845539478284706
-0.778208931841662 0.2495691119422251 -0.5762864884466999
-0.8094562124117585 0.165333156762883 -0.5634230980913278
-0.833485099099796 0.08196263018882105 -0.5464290592850397
-0.4329278047066245 0.774075042561604 -0.4619321859268456
-0.5124837288783082 0.7096851592774085 -0.4834329346831719
-0.585477592107738 0.6389488686857684 -0.4989592491826383
-0.6513452687848069 0.5631119078304809 -0.5085806918190696
-0.7096851592774086 0.4834329346831721 -0.512483728878308
-0.7602621297348058 0.4011544570641322 -0.5109565496876212
-0.803015154598658 0.3174531571453583 -0.5043710484388827
-0.8380520024638833 0.233378397103564 -0.4931565318756778
-0.4277103446248904 0.8204834942423257 -0.3793029090011847
-0.5109565496876213 0.7602621297348059 -0.4011544570641321
-0.5877599419765994 0.6930401311889137 -0.4174130174890547
-0.6574976402886609 0.6200616331842445 -0.4280425493659833
-0.7197039109978309 0.5425991960478619 -0.4331424626409193
-0.7740750425616041 0.4619321859268457 -0.4329278047066244
-0.8204834942423257 0.3793029090011849 -0.4277103446248903
-0.5043710484388829 0.803015154598658 -0.3174531571453582
-0.5845539478284707 0.7394580955370977 -0.3339137718375779
-0.6577479544265528 0.6695400523498037 -0.3450851297102026
-0.7234239083254859 0.5945385769257363 -0.3509725479438519
-0.7812072834321525 0.5157649350956274 -0.3517125417700655
-0.4931565318756778 0.8380520024638833 -0.2333783971035638
-0.5762864884467001 0.7782089318416618 -0.2495691119422249
-0.6525202599452945 0.7114539064811987 -0.2608651937564059
-0.7212667797877166 0.6390556396954443 -0.2671743283852398
-0.563423098091328 0.8094562124117584 -0.1653331567628828
-0.6422937614784239 0.7458801255813893 -0.1764130443833117
-0.5464290592850398 0.8334850990997962 -0.08196263018882093
-0.5970847505490693 -0.8021781601750049 -3.866994830904489e-17
-0.665604608438104 -0.7463045659956519 0
-0.6943576662459022 -0.7137028628480501 0.09217187688249397
-0.6943576662459022 -0.7137028628480501 -0.09217187688249398
-0.7305286821691224 -0.6828820136218593 -1.029367457668765e-16
-0.757155852779628 -0.6467855536765855 0.09156124811745953
-0.7742610150352758 -0.606303401104645 0.1814278545468814
-0.757155852779628 -0.6467855536765855 -0.09156124811745957
-0.7909240081357712 -0.6119143840068204 0
-0.8149529662456947 -0.572382011843745 0.09072207738500221
-0.8293772340899446 -0.5290558203822109 0.1795364656358678
-0.8345251951901083 -0.4828126534200428 0.2654423483365251
-0.7742610150352758 -0.6063034011046451 -0.1814278545468814
-0.8149529662456947 -0.5723820118437453 -0.09072207738500226
-0.8457353741314892 -0.5336025458547491 0
-0.8666520991108047 -0.4907970687335694 0.08962352609316422
-0.8779439414738081 -0.4448014788328889 0.177104714949969
-0.8800283683260628 -0.3964494293833204 0.2614917223986403
-0.8734777294898849 -0.3465506704103856 0.3419638707865318
-0.8293772340899446 -0.5290558203822109 -0.1795364656358677
-0.8666520991108047 -0.4907970687335694 -0.08962352609316422
-0.8938513671037364 -0.4483633944991288 1.967146078990729e-17
-0.9111342063395164 -0.4025535145204466 0.08823336095432592
-0.9188396180995525 -0.3541683702324968 0.1740647056054889
-0.9174671415539477 -0.3039964165580737 0.2565934973624208
-0.9076507474329913 -0.2527848043407454 0.3350671027999362
-0.8901159072313618 -0.2012011343702246 0.4089153643748601
-0.8345251951901083 -0.4828126534200428 -0.2654423483365252
-0.8779439414738081 -0.444801478832889 -0.177104714949969
-0.9111342063395161 -0.4025535145204467 -0.08823336095432585
-0.9341723589627158 -0.3568220897730901 -1.504395599243588e-17
-0.947322643681767 -0.3083737749959989 0.08651834292509944
-0.9510155633438038 -0.2579754321548903 0.1703469244875446
-0.9458281558443983 -0.2063700603073008 0.2506401759908928
-0.9324511255640843 -0.1542421937224225 0.326717376504475
-0.9116377227585346 -0.1021815103467763 0.3980899413284451
-0.8841407903638258 -0.05065569126402971 0.4644664290962188
-0.8800283683260626 -0.3964494293833203 -0.2614917223986403
-0.9188396180995525 -0.3541683702324968 -0.1740647056054889
-0.947322643681767 -0.3083737749959988 -0.08651834292509941
-0.9656654223509276 -0.2597889375547094 5.669928670237306e-17
-0.974230003416741 -0.2091544588221441 0.08444117951232465
-0.9735364689078772 -0.1572050118191419 0.1658714199774185
-0.9642387108219437 -0.1046355928343335 0.2435058546824768
-0.9470812599516137 -0.05206390476747849 0.3167434874923662
-0.8734777294898849 -0.3465506704103856 -0.3419638707865318
-0.9174671415539477 -0.3039964165580737 -0.2565934973624208
-0.9510155633438038 -0.2579754321548903 -0.1703469244875446
-0.974230003416741 -0.2091544588221441 -0.08444117951232463
-0.9874006748807506 -0.1582400304759774 1.156850351902369e-17
-0.9909880063090566 -0.1059533257644588 0.08195525676277257
-0.9856063101058298 -0.05299423524755929 0.1605360162396504
-0.9076507474329913 -0.2527848043407454 -0.3350671027999363
-0.9458281558443983 -0.2063700603073008 -0.2506401759908928
-0.9735364689078772 -0.1572050118191419 -0.1658714199774185
-0.9909880063090566 -0.1059533257644588 -0.08195525676277253
-0.99857758851567 -0.05331791175795595 1.156543363992406e-18
-0.8901159072313618 -0.2012011343702246 -0.4089153643748601
-0.9324511255640843 -0.1542421937224225 -0.326717376504475
-0.9642387108219437 -0.1046355928343336 -0.2435058546824768
-0.9856063101058298 -0.05299423524755929 -0.1605360162396504
-0.9116377227585346 -0.1021815103467763 -0.3980899413284452
-0.9470812599516137 -0.05206390476747844 -0.3167434874923662
-0.8841407903638258 -0.0506556912640296 -0.4644664290962188
