0 0.5257311121191336 0.85065080835204
0 0.5257311121191336 -0.85065080835204
0 -0.5257311121191336 0.85065080835204
0 -0.5257311121191336 -0.85065080835204
0.5257311121191336 0.85065080835204 0
0.5257311121191336 -0.85065080835204 0
-0.5257311121191336 0.85065080835204 0
-0.5257311121191336 -0.85065080835204 0
0.85065080835204 0 0.5257311121191336
0.85065080835204 0 -0.5257311121191336
-0.85065080835204 0 0.5257311121191336
-0.85065080835204 0 -0.5257311121191336
1.623027732853374e-16 0.3607291593156858 0.9326706136784831
1.710651612761113e-16 0.1834794080019837 0.9830235535526306
1.740193921680561e-16 0 1
1.710651612761113e-16 -0.1834794080019837 0.9830235535526306
1.623027732853374e-16 -0.3607291593156859 0.9326706136784831
0.1078464901229196 0.6430749360248692 0.7581713270922195
0.2120312799176223 0.7385845055044615 0.6399497359677749
0.3090169943749475 0.8090169943749475 0.5
0.395510687919606 0.851981015885397 0.3430738175848557
0.4685756494386056 0.866017817215139 0.1744992865862639
-0.1078464901229196 0.6430749360248691 0.7581713270922196
-0.2120312799176222 0.7385845055044614 0.6399497359677749
-0.3090169943749475 0.8090169943749472 0.5000000000000001
-0.395510687919606 0.851981015885397 0.3430738175848559
-0.4685756494386056 0.866017817215139 0.1744992865862638
0.174499286586264 0.4685756494386054 0.866017817215139
0.3430738175848559 0.3955106879196058 0.851981015885397
0.5000000000000001 0.3090169943749475 0.8090169943749472
0.639949735967775 0.2120312799176222 0.7385845055044615
0.7581713270922195 0.1078464901229197 0.6430749360248692
-0.174499286586264 0.4685756494386053 0.866017817215139
-0.3430738175848558 0.3955106879196056 0.851981015885397
-0.5 0.3090169943749472 0.8090169943749472
-0.6399497359677749 0.2120312799176222 0.7385845055044615
-0.7581713270922195 0.1078464901229196 0.6430749360248692
1.623027732853374e-16 0.3607291593156858 -0.9326706136784831
1.710651612761113e-16 0.1834794080019837 -0.9830235535526306
1.740193921680561e-16 0 -1
1.710651612761113e-16 -0.1834794080019837 -0.9830235535526306
1.623027732853374e-16 -0.3607291593156858 -0.9326706136784831
0.1078464901229196 0.6430749360248691 -0.7581713270922196
0.2120312799176222 0.7385845055044614 -0.6399497359677749
0.3090169943749475 0.8090169943749472 -0.5000000000000001
0.395510687919606 0.851981015885397 -0.3430738175848559
0.4685756494386056 0.866017817215139 -0.1744992865862638
-0.1078464901229196 0.6430749360248692 -0.7581713270922195
-0.2120312799176223 0.7385845055044615 -0.6399497359677749
-0.3090169943749475 0.8090169943749475 -0.5
-0.395510687919606 0.851981015885397 -0.3430738175848557
-0.4685756494386056 0.866017817215139 -0.1744992865862639
0.174499286586264 0.4685756494386055 -0.866017817215139
0.3430738175848559 0.3955106879196058 -0.851981015885397
0.5 0.3090169943749473 -0.8090169943749475
0.6399497359677748 0.2120312799176222 -0.7385845055044616
0.7581713270922195 0.1078464901229195 -0.6430749360248692
-0.174499286586264 0.4685756494386054 -0.866017817215139
-0.3430738175848559 0.3955106879196058 -0.851981015885397
-0.5000000000000001 0.3090169943749475 -0.8090169943749472
-0.639949735967775 0.2120312799176222 -0.7385845055044615
-0.7581713270922195 0.1078464901229197 -0.6430749360248692
0.1078464901229197 -0.6430749360248692 0.7581713270922195
0.2120312799176223 -0.7385845055044618 0.6399497359677748
0.3090169943749475 -0.8090169943749472 0.4999999999999999
0.395510687919606 -0.851981015885397 0.3430738175848558
0.4685756494386056 -0.866017817215139 0.1744992865862638
-0.1078464901229196 -0.6430749360248692 0.7581713270922195
-0.2120312799176223 -0.7385845055044615 0.6399497359677749
-0.3090169943749475 -0.8090169943749475 0.5
-0.395510687919606 -0.851981015885397 0.3430738175848557
-0.4685756494386056 -0.866017817215139 0.1744992865862639
0.174499286586264 -0.4685756494386055 0.866017817215139
0.3430738175848559 -0.3955106879196058 0.851981015885397
0.5 -0.3090169943749473 0.8090169943749475
0.6399497359677748 -0.2120312799176221 0.7385845055044616
0.7581713270922195 -0.1078464901229195 0.6430749360248692
-0.174499286586264 -0.4685756494386054 0.866017817215139
-0.3430738175848559 -0.3955106879196058 0.851981015885397
-0.5000000000000001 -0.3090169943749475 0.8090169943749472
-0.639949735967775 -0.2120312799176222 0.7385845055044615
-0.7581713270922195 -0.1078464901229197 0.6430749360248692
0.1078464901229195 -0.6430749360248691 -0.7581713270922196
0.2120312799176221 -0.7385845055044616 -0.6399497359677748
0.3090169943749473 -0.8090169943749472 -0.5
0.3955106879196059 -0.851981015885397 -0.3430738175848558
0.4685756494386056 -0.866017817215139 -0.1744992865862638
-0.1078464901229197 -0.6430749360248692 -0.7581713270922195
-0.2120312799176223 -0.7385845055044618 -0.6399497359677748
-0.3090169943749475 -0.8090169943749472 -0.4999999999999999
-0.395510687919606 -0.851981015885397 -0.3430738175848558
-0.4685756494386056 -0.866017817215139 -0.1744992865862638
0.174499286586264 -0.4685756494386055 -0.866017817215139
0.3430738175848559 -0.3955106879196058 -0.851981015885397
0.5 -0.3090169943749473 -0.8090169943749475
0.6399497359677748 -0.2120312799176221 -0.7385845055044616
0.7581713270922195 -0.1078464901229195 -0.6430749360248692
-0.174499286586264 -0.4685756494386053 -0.866017817215139
-0.3430738175848558 -0.3955106879196056 -0.851981015885397
-0.5 -0.3090169943749472 -0.8090169943749472
-0.6399497359677749 -0.2120312799176222 -0.7385845055044615
-0.7581713270922195 -0.1078464901229196 -0.6430749360248692
0.3607291593156859 0.9326706136784833 1.022774091100874e-17
0.1834794080019837 0.9830235535526306 1.291554171658225e-17
-2.280759219278673e-49 1 4.593610960589066e-33
-0.1834794080019836 0.9830235535526306 -1.291554171658224e-17
-0.3607291593156859 0.9326706136784831 -2.539256342858385e-17
0.6430749360248692 0.7581713270922195 0.1078464901229195
0.7385845055044616 0.6399497359677748 0.2120312799176221
0.8090169943749475 0.5 0.3090169943749473
0.851981015885397 0.3430738175848559 0.3955106879196058
0.866017817215139 0.174499286586264 0.4685756494386054
0.6430749360248692 0.7581713270922196 -0.1078464901229195
0.7385845055044616 0.6399497359677748 -0.2120312799176221
0.8090169943749475 0.5 -0.3090169943749473
0.851981015885397 0.3430738175848558 -0.3955106879196058
0.866017817215139 0.174499286586264 -0.4685756494386055
0.3607291593156859 -0.9326706136784833 -1.022774091100874e-17
0.1834794080019837 -0.9830235535526306 -1.291554171658225e-17
-2.280759219278673e-49 -1 -4.593610960589066e-33
-0.1834794080019836 -0.9830235535526306 1.291554171658224e-17
-0.3607291593156859 -0.9326706136784831 2.539256342858385e-17
0.6430749360248692 -0.7581713270922196 0.1078464901229195
0.7385845055044616 -0.6399497359677748 0.2120312799176221
0.8090169943749475 -0.5 0.3090169943749473
0.851981015885397 -0.3430738175848558 0.3955106879196058
0.866017817215139 -0.174499286586264 0.4685756494386055
0.6430749360248692 -0.7581713270922195 -0.1078464901229195
0.7385845055044616 -0.6399497359677748 -0.2120312799176221
0.8090169943749475 -0.5 -0.3090169943749473
0.851981015885397 -0.3430738175848559 -0.3955106879196058
0.866017817215139 -0.174499286586264 -0.4685756494386054
-0.6430749360248692 0.7581713270922196 0.1078464901229195
-0.7385845055044616 0.6399497359677748 0.2120312799176221
-0.8090169943749475 0.5 0.3090169943749473
-0.851981015885397 0.3430738175848558 0.3955106879196058
-0.866017817215139 0.174499286586264 0.4685756494386055
-0.6430749360248693 0.7581713270922195 -0.1078464901229196
-0.7385845055044616 0.6399497359677749 -0.2120312799176222
-0.8090169943749472 0.5 -0.3090169943749473
-0.8519810158853971 0.3430738175848559 -0.3955106879196059
-0.866017817215139 0.174499286586264 -0.4685756494386055
-0.6430749360248692 -0.7581713270922195 0.1078464901229195
-0.7385845055044616 -0.6399497359677748 0.2120312799176221
-0.8090169943749475 -0.5 0.3090169943749473
-0.851981015885397 -0.3430738175848559 0.3955106879196058
-0.866017817215139 -0.174499286586264 0.4685756494386054
-0.6430749360248692 -0.7581713270922196 -0.1078464901229195
-0.7385845055044616 -0.6399497359677748 -0.2120312799176221
-0.8090169943749475 -0.5 -0.3090169943749473
-0.851981015885397 -0.3430738175848558 -0.3955106879196058
-0.866017817215139 -0.174499286586264 -0.4685756494386055
0.9326706136784831 1.623027732853374e-16 0.3607291593156859
0.9830235535526306 1.710651612761113e-16 0.1834794080019837
1 1.740193921680561e-16 0
0.9830235535526306 1.710651612761113e-16 -0.1834794080019837
0.9326706136784831 1.623027732853374e-16 -0.3607291593156858
-0.9326706136784831 -1.623027732853374e-16 0.3607291593156859
-0.9830235535526306 -1.710651612761113e-16 0.1834794080019837
-1 -1.740193921680561e-16 0
-0.9830235535526306 -1.710651612761113e-16 -0.1834794080019837
-0.9326706136784831 -1.623027732853374e-16 -0.3607291593156858
-0.05919032801328778 0.4537574594216967 -0.8891572825371485
-0.119496032936196 0.374843742971558 -0.919354592345948
-0.0610208970874033 0.2791320606572632 -0.9583119235571885
-0.2344768868199576 0.3863337578642344 -0.8920576310316055
-0.1803319730021166 0.2892410119114981 -0.9401170227910867
-0.1225086928280799 0.1912204768408277 -0.9738718341847256
-0.06202895474315953 0.0942101364774181 -0.9936180649315798
-0.2943780336131155 0.2974415710700181 -0.9082235876288806
-0.2408723836637746 0.1975414971827029 -0.9502409440131212
-0.1835715596102365 0.09779083395225059 -0.9781300707458026
-0.1235792137159473 4.048584027426369e-17 -0.992334710638174
-0.06202895474315956 -0.09421013647741808 -0.9936180649315798
-0.4014234298542249 0.3039674576899867 -0.8639809110330831
-0.3532238572079553 0.2026417201371529 -0.9133286593329861
-0.3000889431096554 0.1007011843161228 -0.9485809916399653
-0.243148994187315 2.314185094303065e-18 -0.9699889518059971
-0.1835715596102366 -0.09779083395225061 -0.9781300707458026
-0.1225086928280798 -0.1912204768408276 -0.9738718341847258
-0.06102089708740334 -0.2791320606572631 -0.9583119235571885
-0.4579792781293658 0.2066706056476468 -0.8646052518724022
-0.4098573045339431 0.1030314020012819 -0.906312043460651
-0.3568220897730901 -1.504395599243588e-17 -0.9341723589627158
-0.3000889431096554 -0.1007011843161226 -0.9485809916399653
-0.2408723836637745 -0.1975414971827029 -0.9502409440131212
-0.1803319730021166 -0.2892410119114981 -0.9401170227910867
-0.1194960329361959 -0.3748437429715581 -0.919354592345948
-0.05919032801328775 -0.4537574594216967 -0.8891572825371485
-0.5538586327594537 0.2097573212125685 -0.8057558446052723
-0.511452750330894 0.1048508861849023 -0.852890600162298
-0.4630268820405097 3.471354050958443e-17 -0.8863442370252337
-0.4098573045339431 -0.1030314020012819 -0.906312043460651
-0.3532238572079553 -0.2026417201371529 -0.913328659332986
-0.2943780336131155 -0.2974415710700182 -0.9082235876288807
-0.2344768868199575 -0.3863337578642344 -0.8920576310316055
-0.6037792644865366 0.1062210942291905 -0.7900428335962869
-0.5605012402939294 -4.396158753665283e-17 -0.8281535845656691
-0.511452750330894 -0.1048508861849023 -0.852890600162298
-0.4579792781293658 -0.2066706056476468 -0.8646052518724022
-0.4014234298542249 -0.3039674576899867 -0.8639809110330831
-0.6861220483132066 0.1072016972069712 -0.7195445301956195
-0.6483337612153338 0 -0.7613562464893675
-0.6037792644865366 -0.1062210942291905 -0.7900428335962869
-0.5538586327594538 -0.2097573212125686 -0.8057558446052724
-0.7260059495344064 -4.221333192052153e-17 -0.6876884187192956
-0.6861220483132066 -0.1072016972069712 -0.7195445301956195
-0.7933853200063943 1.590168404981938e-18 -0.6087197499657387
-0.05919032801328775 0.4537574594216967 0.8891572825371485
-0.1194960329361959 0.3748437429715581 0.919354592345948
-0.2344768868199575 0.3863337578642344 0.8920576310316055
-0.06102089708740334 0.2791320606572631 0.9583119235571885
-0.1803319730021166 0.2892410119114981 0.9401170227910867
-0.2943780336131155 0.2974415710700182 0.9082235876288806
-0.4014234298542249 0.3039674576899867 0.8639809110330831
-0.1225086928280799 0.1912204768408276 0.9738718341847258
-0.2408723836637745 0.1975414971827029 0.9502409440131212
-0.3532238572079552 0.2026417201371529 0.913328659332986
-0.4579792781293658 0.2066706056476468 0.8646052518724022
-0.5538586327594538 0.2097573212125685 0.8057558446052723
-0.06202895474315954 0.09421013647741806 0.9936180649315798
-0.1835715596102366 0.09779083395225061 0.9781300707458026
-0.3000889431096554 0.1007011843161226 0.9485809916399653
-0.4098573045339431 0.1030314020012819 0.906312043460651
-0.511452750330894 0.1048508861849023 0.852890600162298
-0.6037792644865366 0.1062210942291905 0.7900428335962869
-0.6861220483132063 0.1072016972069712 0.7195445301956195
-0.1235792137159472 -4.066287467364639e-17 0.9923347106381738
-0.243148994187315 -2.314185094303065e-18 0.9699889518059971
-0.3568220897730901 1.54765558606782e-17 0.9341723589627158
-0.4630268820405097 -3.452284996903064e-17 0.8863442370252339
-0.5605012402939294 4.436651845620571e-17 0.8281535845656691
-0.6483337612153338 0 0.7613562464893675
-0.7260059495344064 4.239652577127846e-17 0.6876884187192956
-0.7933853200063943 -1.590168404981938e-18 0.6087197499657387
-0.06202895474315953 -0.0942101364774181 0.9936180649315798
-0.1835715596102366 -0.09779083395225061 0.9781300707458026
-0.3000889431096554 -0.1007011843161228 0.9485809916399653
-0.4098573045339431 -0.1030314020012819 0.906312043460651
-0.511452750330894 -0.1048508861849023 0.852890600162298
-0.6037792644865366 -0.1062210942291905 0.7900428335962869
-0.6861220483132064 -0.1072016972069712 0.7195445301956196
-0.1225086928280799 -0.1912204768408276 0.9738718341847256
-0.2408723836637745 -0.1975414971827029 0.9502409440131212
-0.3532238572079552 -0.2026417201371529 0.913328659332986
-0.4579792781293658 -0.2066706056476468 0.8646052518724022
-0.5538586327594537 -0.2097573212125686 0.8057558446052724
-0.0610208970874033 -0.2791320606572632 0.9583119235571885
-0.1803319730021166 -0.2892410119114981 0.9401170227910867
-0.2943780336131155 -0.2974415710700181 0.9082235876288806
-0.4014234298542249 -0.3039674576899867 0.8639809110330831
-0.119496032936196 -0.374843742971558 0.9193545923459479
-0.2344768868199576 -0.3863337578642344 0.8920576310316055
-0.05919032801328778 -0.4537574594216967 0.8891572825371485
0.09577196253075451 -0.549529421952451 0.8299669545238609
0.1933486428115418 -0.5681923857830995 0.7998585594097523
0.2059355827183991 -0.6585236331082162 0.7238350367372313
0.2721898752439821 -0.4850676433756622 0.8310367339442024
0.2917832615757529 -0.5810242734872509 0.7597850497889703
0.3044443231423439 -0.6675341407682073 0.6794938005716104
0.3101222782736296 -0.743726889862113 0.5921946350773551
0.3700925696981891 -0.4956647999831716 0.7857148948008009
0.3897397037191919 -0.5872812009018947 0.7093685603493469
0.4018759090020923 -0.6693190405520615 0.6249062135378476
0.4066259737430364 -0.7410260381564551 0.5343554325088083
0.4043324147510476 -0.8019519562899238 0.4397594321721264
0.4397594321721262 -0.4043324147510476 0.8019519562899238
0.4666773204149088 -0.4996667429543428 0.7297570997227497
0.4855541095994558 -0.5862552939155784 0.6484920485303102
0.4964547389267079 -0.6631630492733361 0.5601316472720542
0.4996667429543428 -0.7297570997227496 0.4666773204149088
0.4956647999831715 -0.785714894800801 0.3700925696981891
0.4850676433756622 -0.8310367339442022 0.2721898752439821
0.5343554325088081 -0.4066259737430364 0.7410260381564551
0.5601316472720543 -0.4964547389267079 0.6631630492733361
0.5773502691896258 -0.5773502691896257 0.5773502691896258
0.5862552939155785 -0.6484920485303102 0.4855541095994558
0.5872812009018947 -0.7093685603493468 0.3897397037191919
0.5810242734872512 -0.7597850497889701 0.291783261575753
0.5681923857830997 -0.7998585594097523 0.1933486428115417
0.549529421952451 -0.8299669545238609 0.09577196253075439
0.5921946350773551 -0.3101222782736295 0.7437268898621129
0.6249062135378475 -0.4018759090020923 0.6693190405520616
0.6484920485303102 -0.4855541095994558 0.5862552939155785
0.6631630492733362 -0.5601316472720542 0.496454738926708
0.6693190405520617 -0.6249062135378474 0.4018759090020922
0.6675341407682073 -0.6794938005716104 0.3044443231423439
0.6585236331082163 -0.7238350367372313 0.205935582718399
0.6794938005716104 -0.3044443231423439 0.6675341407682071
0.7093685603493469 -0.3897397037191918 0.5872812009018947
0.7297570997227497 -0.4666773204149088 0.4996667429543429
0.7410260381564551 -0.5343554325088082 0.4066259737430364
0.743726889862113 -0.5921946350773551 0.3101222782736295
0.7238350367372313 -0.2059355827183991 0.658523633108216
0.7597850497889702 -0.2917832615757529 0.5810242734872511
0.785714894800801 -0.3700925696981891 0.4956647999831716
0.8019519562899238 -0.4397594321721262 0.4043324147510475
0.7998585594097523 -0.1933486428115418 0.5681923857830995
0.8310367339442024 -0.2721898752439821 0.4850676433756621
0.8299669545238609 -0.09577196253075451 0.5495294219524509
-0.09577196253075451 -0.549529421952451 -0.8299669545238609
-0.1933486428115418 -0.5681923857830995 -0.7998585594097523
-0.2059355827183991 -0.6585236331082162 -0.7238350367372313
-0.2721898752439821 -0.4850676433756622 -0.8310367339442024
-0.2917832615757529 -0.5810242734872509 -0.7597850497889703
-0.3044443231423439 -0.6675341407682073 -0.6794938005716104
-0.3101222782736296 -0.743726889862113 -0.5921946350773551
-0.3700925696981891 -0.4956647999831716 -0.7857148948008009
-0.3897397037191919 -0.5872812009018947 -0.7093685603493469
-0.4018759090020923 -0.6693190405520615 -0.6249062135378476
-0.4066259737430364 -0.7410260381564551 -0.5343554325088083
-0.4043324147510476 -0.8019519562899238 -0.4397594321721264
-0.4397594321721262 -0.4043324147510476 -0.8019519562899238
-0.4666773204149088 -0.4996667429543428 -0.7297570997227497
-0.4855541095994558 -0.5862552939155784 -0.6484920485303102
-0.4964547389267079 -0.6631630492733361 -0.5601316472720542
-0.4996667429543428 -0.7297570997227496 -0.4666773204149088
-0.4956647999831715 -0.785714894800801 -0.3700925696981891
-0.4850676433756622 -0.8310367339442022 -0.2721898752439821
-0.5343554325088081 -0.4066259737430364 -0.7410260381564551
-0.5601316472720543 -0.4964547389267079 -0.6631630492733361
-0.5773502691896258 -0.5773502691896257 -0.5773502691896258
-0.5862552939155785 -0.6484920485303102 -0.4855541095994558
-0.5872812009018947 -0.7093685603493468 -0.3897397037191919
-0.5810242734872512 -0.7597850497889701 -0.291783261575753
-0.5681923857830997 -0.7998585594097523 -0.1933486428115417
-0.549529421952451 -0.8299669545238609 -0.09577196253075439
-0.5921946350773551 -0.3101222782736295 -0.7437268898621129
-0.6249062135378475 -0.4018759090020923 -0.6693190405520616
-0.6484920485303102 -0.4855541095994558 -0.5862552939155785
-0.6631630492733362 -0.5601316472720542 -0.496454738926708
-0.6693190405520617 -0.6249062135378474 -0.4018759090020922
-0.6675341407682073 -0.6794938005716104 -0.3044443231423439
-0.6585236331082163 -0.7238350367372313 -0.205935582718399
-0.6794938005716104 -0.3044443231423439 -0.6675341407682071
-0.7093685603493469 -0.3897397037191918 -0.5872812009018947
-0.7297570997227497 -0.4666773204149088 -0.4996667429543429
-0.7410260381564551 -0.5343554325088082 -0.4066259737430364
-0.743726889862113 -0.5921946350773551 -0.3101222782736295
-0.7238350367372313 -0.2059355827183991 -0.658523633108216
-0.7597850497889702 -0.2917832615757529 -0.5810242734872511
-0.785714894800801 -0.3700925696981891 -0.4956647999831716
-0.8019519562899238 -0.4397594321721262 -0.4043324147510475
-0.7998585594097523 -0.1933486428115418 -0.5681923857830995
-0.8310367339442024 -0.2721898752439821 -0.4850676433756621
-0.8299669545238609 -0.09577196253075451 -0.5495294219524509
4.018789241681625e-17 0.6087197499657385 -0.7933853200063943
6.418739511202589e-17 0.6876884187192954 -0.7260059495344064
-0.1072016972069712 0.7195445301956194 -0.6861220483132066
0.1072016972069713 0.7195445301956195 -0.6861220483132066
9.9472925930544e-17 0.7613562464893675 -0.6483337612153339
-0.1062210942291905 0.7900428335962869 -0.6037792644865368
-0.2097573212125685 0.8057558446052724 -0.5538586327594536
0.1062210942291907 0.7900428335962869 -0.6037792644865366
5.437354247954429e-17 0.8281535845656691 -0.5605012402939293
-0.1048508861849023 0.8528906001622979 -0.511452750330894
-0.2066706056476468 0.8646052518724022 -0.4579792781293658
-0.3039674576899867 0.8639809110330831 -0.401423429854225
0.2097573212125687 0.8057558446052725 -0.5538586327594536
0.1048508861849024 0.8528906001622979 -0.5114527503308939
9.95121494608087e-17 0.8863442370252339 -0.4630268820405097
-0.1030314020012819 0.906312043460651 -0.4098573045339431
-0.2026417201371529 0.9133286593329861 -0.3532238572079553
-0.2974415710700181 0.9082235876288806 -0.2943780336131155
-0.3863337578642344 0.8920576310316055 -0.2344768868199575
0.2066706056476469 0.8646052518724022 -0.4579792781293658
0.103031402001282 0.906312043460651 -0.4098573045339431
6.364750612184411e-17 0.9341723589627158 -0.35682208977309
-0.1007011843161227 0.9485809916399656 -0.3000889431096553
-0.1975414971827029 0.9502409440131212 -0.2408723836637745
-0.2892410119114981 0.9401170227910867 -0.1803319730021165
-0.3748437429715581 0.919354592345948 -0.1194960329361958
-0.4537574594216967 0.8891572825371485 -0.05919032801328762
0.3039674576899868 0.8639809110330831 -0.4014234298542249
0.202641720137153 0.9133286593329861 -0.3532238572079551
0.1007011843161228 0.9485809916399656 -0.3000889431096553
4.049823915030363e-17 0.9699889518059971 -0.2431489941873149
-0.09779083395225059 0.9781300707458026 -0.1835715596102364
-0.1912204768408276 0.9738718341847258 -0.1225086928280798
-0.2791320606572631 0.9583119235571885 -0.06102089708740316
0.2974415710700182 0.9082235876288806 -0.2943780336131154
0.1975414971827029 0.9502409440131212 -0.2408723836637744
0.09779083395225063 0.9781300707458026 -0.1835715596102364
-2.313476587100782e-18 0.9923347106381738 -0.1235792137159471
-0.09421013647741809 0.9936180649315798 -0.06202895474315938
0.3863337578642344 0.8920576310316054 -0.2344768868199573
0.2892410119114982 0.9401170227910867 -0.1803319730021165
0.1912204768408276 0.9738718341847258 -0.1225086928280797
0.09421013647741809 0.9936180649315798 -0.06202895474315938
0.3748437429715581 0.9193545923459479 -0.1194960329361958
0.2791320606572632 0.9583119235571885 -0.06102089708740317
0.4537574594216968 0.8891572825371485 -0.05919032801328757
4.018789241681625e-17 -0.6087197499657385 0.7933853200063943
6.418739511202589e-17 -0.6876884187192954 0.7260059495344064
-0.1072016972069712 -0.7195445301956194 0.6861220483132066
0.1072016972069713 -0.7195445301956195 0.6861220483132066
9.9472925930544e-17 -0.7613562464893675 0.6483337612153339
-0.1062210942291905 -0.7900428335962869 0.6037792644865368
-0.2097573212125685 -0.8057558446052724 0.5538586327594536
0.1062210942291907 -0.7900428335962869 0.6037792644865366
5.437354247954429e-17 -0.8281535845656691 0.5605012402939293
-0.1048508861849023 -0.8528906001622979 0.511452750330894
-0.2066706056476468 -0.8646052518724022 0.4579792781293658
-0.3039674576899867 -0.8639809110330831 0.401423429854225
0.2097573212125687 -0.8057558446052725 0.5538586327594536
0.1048508861849024 -0.8528906001622979 0.5114527503308939
9.95121494608087e-17 -0.8863442370252339 0.4630268820405097
-0.1030314020012819 -0.906312043460651 0.4098573045339431
-0.2026417201371529 -0.9133286593329861 0.3532238572079553
-0.2974415710700181 -0.9082235876288806 0.2943780336131155
-0.3863337578642344 -0.8920576310316055 0.2344768868199575
0.2066706056476469 -0.8646052518724022 0.4579792781293658
0.103031402001282 -0.906312043460651 0.4098573045339431
6.364750612184411e-17 -0.9341723589627158 0.35682208977309
-0.1007011843161227 -0.9485809916399656 0.3000889431096553
-0.1975414971827029 -0.9502409440131212 0.2408723836637745
-0.2892410119114981 -0.9401170227910867 0.1803319730021165
-0.3748437429715581 -0.919354592345948 0.1194960329361958
-0.4537574594216967 -0.8891572825371485 0.05919032801328762
0.3039674576899868 -0.8639809110330831 0.4014234298542249
0.202641720137153 -0.9133286593329861 0.3532238572079551
0.1007011843161228 -0.9485809916399656 0.3000889431096553
4.049823915030363e-17 -0.9699889518059971 0.2431489941873149
-0.09779083395225059 -0.9781300707458026 0.1835715596102364
-0.1912204768408276 -0.9738718341847258 0.1225086928280798
-0.2791320606572631 -0.9583119235571885 0.06102089708740316
0.2974415710700182 -0.9082235876288806 0.2943780336131154
0.1975414971827029 -0.9502409440131212 0.2408723836637744
0.09779083395225063 -0.9781300707458026 0.1835715596102364
-2.313476587100782e-18 -0.9923347106381738 0.1235792137159471
-0.09421013647741809 -0.9936180649315798 0.06202895474315938
0.3863337578642344 -0.8920576310316054 0.2344768868199573
0.2892410119114982 -0.9401170227910867 0.1803319730021165
0.1912204768408276 -0.9738718341847258 0.1225086928280797
0.09421013647741809 -0.9936180649315798 0.06202895474315938
0.3748437429715581 -0.9193545923459479 0.1194960329361958
0.2791320606572632 -0.9583119235571885 0.06102089708740317
0.4537574594216968 -0.8891572825371485 0.05919032801328757
0.09577196253075455 -0.549529421952451 -0.8299669545238609
0.1933486428115418 -0.5681923857830997 -0.7998585594097523
0.2721898752439821 -0.4850676433756622 -0.8310367339442022
0.2059355827183992 -0.6585236331082163 -0.7238350367372309
0.291783261575753 -0.5810242734872511 -0.7597850497889702
0.3700925696981892 -0.4956647999831716 -0.7857148948008007
0.4397594321721265 -0.4043324147510477 -0.8019519562899237
0.3044443231423442 -0.6675341407682071 -0.6794938005716104
0.389739703719192 -0.5872812009018948 -0.7093685603493466
0.4666773204149089 -0.4996667429543428 -0.7297570997227497
0.5343554325088083 -0.4066259737430364 -0.741026038156455
0.5921946350773551 -0.3101222782736295 -0.7437268898621129
0.3101222782736297 -0.743726889862113 -0.592194635077355
0.4018759090020924 -0.6693190405520615 -0.6249062135378474
0.4855541095994558 -0.5862552939155785 -0.6484920485303102
0.5601316472720542 -0.4964547389267081 -0.6631630492733362
0.6249062135378476 -0.4018759090020924 -0.6693190405520615
0.6794938005716104 -0.304444323142344 -0.6675341407682073
0.7238350367372312 -0.2059355827183992 -0.6585236331082164
0.4066259737430365 -0.7410260381564551 -0.5343554325088081
0.4964547389267079 -0.6631630492733364 -0.5601316472720541
0.577350269189626 -0.5773502691896257 -0.5773502691896257
0.6484920485303104 -0.485554109599456 -0.5862552939155785
0.7093685603493468 -0.3897397037191919 -0.5872812009018947
0.7597850497889703 -0.291783261575753 -0.5810242734872509
0.7998585594097523 -0.1933486428115418 -0.5681923857830997
0.8299669545238609 -0.09577196253075455 -0.549529421952451
0.4043324147510477 -0.8019519562899238 -0.4397594321721262
0.499666742954343 -0.7297570997227496 -0.4666773204149086
0.5862552939155785 -0.6484920485303102 -0.4855541095994557
0.6631630492733361 -0.5601316472720542 -0.4964547389267079
0.7297570997227497 -0.4666773204149088 -0.4996667429543428
0.7857148948008009 -0.3700925696981892 -0.4956647999831716
0.8310367339442022 -0.2721898752439821 -0.4850676433756621
0.4956647999831717 -0.7857148948008007 -0.3700925696981889
0.5872812009018948 -0.7093685603493468 -0.3897397037191918
0.6693190405520617 -0.6249062135378474 -0.4018759090020922
0.741026038156455 -0.5343554325088083 -0.4066259737430364
0.8019519562899238 -0.4397594321721262 -0.4043324147510475
0.4850676433756622 -0.8310367339442022 -0.272189875243982
0.5810242734872511 -0.7597850497889702 -0.2917832615757529
0.6675341407682073 -0.6794938005716104 -0.3044443231423439
0.743726889862113 -0.5921946350773551 -0.3101222782736295
0.5681923857830998 -0.7998585594097523 -0.1933486428115417
0.6585236331082162 -0.723835036737231 -0.205935582718399
0.549529421952451 -0.8299669545238609 -0.0957719625307544
-4.018789241681625e-17 0.6087197499657385 0.7933853200063943
-6.418739511202589e-17 0.6876884187192954 0.7260059495344064
0.1072016972069712 0.7195445301956194 0.6861220483132066
-0.1072016972069713 0.7195445301956195 0.6861220483132066
-9.9472925930544e-17 0.7613562464893675 0.6483337612153339
0.1062210942291905 0.7900428335962869 0.6037792644865368
0.2097573212125685 0.8057558446052724 0.5538586327594536
-0.1062210942291907 0.7900428335962869 0.6037792644865366
-5.437354247954429e-17 0.8281535845656691 0.5605012402939293
0.1048508861849023 0.8528906001622979 0.511452750330894
0.2066706056476468 0.8646052518724022 0.4579792781293658
0.3039674576899867 0.8639809110330831 0.401423429854225
-0.2097573212125687 0.8057558446052725 0.5538586327594536
-0.1048508861849024 0.8528906001622979 0.5114527503308939
-9.95121494608087e-17 0.8863442370252339 0.4630268820405097
0.1030314020012819 0.906312043460651 0.4098573045339431
0.2026417201371529 0.9133286593329861 0.3532238572079553
0.2974415710700181 0.9082235876288806 0.2943780336131155
0.3863337578642344 0.8920576310316055 0.2344768868199575
-0.2066706056476469 0.8646052518724022 0.4579792781293658
-0.103031402001282 0.906312043460651 0.4098573045339431
-6.364750612184411e-17 0.9341723589627158 0.35682208977309
0.1007011843161227 0.9485809916399656 0.3000889431096553
0.1975414971827029 0.9502409440131212 0.2408723836637745
0.2892410119114981 0.9401170227910867 0.1803319730021165
0.3748437429715581 0.919354592345948 0.1194960329361958
0.4537574594216967 0.8891572825371485 0.05919032801328762
-0.3039674576899868 0.8639809110330831 0.4014234298542249
-0.202641720137153 0.9133286593329861 0.3532238572079551
-0.1007011843161228 0.9485809916399656 0.3000889431096553
-4.049823915030363e-17 0.9699889518059971 0.2431489941873149
0.09779083395225059 0.9781300707458026 0.1835715596102364
0.1912204768408276 0.9738718341847258 0.1225086928280798
0.2791320606572631 0.9583119235571885 0.06102089708740316
-0.2974415710700182 0.9082235876288806 0.2943780336131154
-0.1975414971827029 0.9502409440131212 0.2408723836637744
-0.09779083395225063 0.9781300707458026 0.1835715596102364
2.313476587100782e-18 0.9923347106381738 0.1235792137159471
0.09421013647741809 0.9936180649315798 0.06202895474315938
-0.3863337578642344 0.8920576310316054 0.2344768868199573
-0.2892410119114982 0.9401170227910867 0.1803319730021165
-0.1912204768408276 0.9738718341847258 0.1225086928280797
-0.09421013647741809 0.9936180649315798 0.06202895474315938
-0.3748437429715581 0.9193545923459479 0.1194960329361958
-0.2791320606572632 0.9583119235571885 0.06102089708740317
-0.4537574594216968 0.8891572825371485 0.05919032801328757
-0.09577196253075455 -0.549529421952451 0.8299669545238609
-0.1933486428115418 -0.5681923857830997 0.7998585594097523
-0.2721898752439821 -0.4850676433756622 0.8310367339442022
-0.2059355827183992 -0.6585236331082163 0.7238350367372309
-0.291783261575753 -0.5810242734872511 0.7597850497889702
-0.3700925696981892 -0.4956647999831716 0.7857148948008007
-0.4397594321721265 -0.4043324147510477 0.8019519562899237
-0.3044443231423442 -0.6675341407682071 0.6794938005716104
-0.389739703719192 -0.5872812009018948 0.7093685603493466
-0.4666773204149089 -0.4996667429543428 0.7297570997227497
-0.5343554325088083 -0.4066259737430364 0.741026038156455
-0.5921946350773551 -0.3101222782736295 0.7437268898621129
-0.3101222782736297 -0.743726889862113 0.592194635077355
-0.4018759090020924 -0.6693190405520615 0.6249062135378474
-0.4855541095994558 -0.5862552939155785 0.6484920485303102
-0.5601316472720542 -0.4964547389267081 0.6631630492733362
-0.6249062135378476 -0.4018759090020924 0.6693190405520615
-0.6794938005716104 -0.304444323142344 0.6675341407682073
-0.7238350367372312 -0.2059355827183992 0.6585236331082164
-0.4066259737430365 -0.7410260381564551 0.5343554325088081
-0.4964547389267079 -0.6631630492733364 0.5601316472720541
-0.577350269189626 -0.5773502691896257 0.5773502691896257
-0.6484920485303104 -0.485554109599456 0.5862552939155785
-0.7093685603493468 -0.3897397037191919 0.5872812009018947
-0.7597850497889703 -0.291783261575753 0.5810242734872509
-0.7998585594097523 -0.1933486428115418 0.5681923857830997
-0.8299669545238609 -0.09577196253075455 0.549529421952451
-0.4043324147510477 -0.8019519562899238 0.4397594321721262
-0.499666742954343 -0.7297570997227496 0.4666773204149086
-0.5862552939155785 -0.6484920485303102 0.4855541095994557
-0.6631630492733361 -0.5601316472720542 0.4964547389267079
-0.7297570997227497 -0.4666773204149088 0.4996667429543428
-0.7857148948008009 -0.3700925696981892 0.4956647999831716
-0.8310367339442022 -0.2721898752439821 0.4850676433756621
-0.4956647999831717 -0.7857148948008007 0.3700925696981889
-0.5872812009018948 -0.7093685603493468 0.3897397037191918
-0.6693190405520617 -0.6249062135378474 0.4018759090020922
-0.741026038156455 -0.5343554325088083 0.4066259737430364
-0.8019519562899238 -0.4397594321721262 0.4043324147510475
-0.4850676433756622 -0.8310367339442022 0.272189875243982
-0.5810242734872511 -0.7597850497889702 0.2917832615757529
-0.6675341407682073 -0.6794938005716104 0.3044443231423439
-0.743726889862113 -0.5921946350773551 0.3101222782736295
-0.5681923857830998 -0.7998585594097523 0.1933486428115417
-0.6585236331082162 -0.723835036737231 0.205935582718399
-0.549529421952451 -0.8299669545238609 0.0957719625307544
-4.018789241681625e-17 -0.6087197499657385 -0.7933853200063943
-6.418739511202589e-17 -0.6876884187192954 -0.7260059495344064
0.1072016972069712 -0.7195445301956194 -0.6861220483132066
-0.1072016972069713 -0.7195445301956195 -0.6861220483132066
-9.9472925930544e-17 -0.7613562464893675 -0.6483337612153339
0.1062210942291905 -0.7900428335962869 -0.6037792644865368
0.2097573212125685 -0.8057558446052724 -0.5538586327594536
-0.1062210942291907 -0.7900428335962869 -0.6037792644865366
-5.437354247954429e-17 -0.8281535845656691 -0.5605012402939293
0.1048508861849023 -0.8528906001622979 -0.511452750330894
0.2066706056476468 -0.8646052518724022 -0.4579792781293658
0.3039674576899867 -0.8639809110330831 -0.401423429854225
-0.2097573212125687 -0.8057558446052725 -0.5538586327594536
-0.1048508861849024 -0.8528906001622979 -0.5114527503308939
-9.95121494608087e-17 -0.8863442370252339 -0.4630268820405097
0.1030314020012819 -0.906312043460651 -0.4098573045339431
0.2026417201371529 -0.9133286593329861 -0.3532238572079553
0.2974415710700181 -0.9082235876288806 -0.2943780336131155
0.3863337578642344 -0.8920576310316055 -0.2344768868199575
-0.2066706056476469 -0.8646052518724022 -0.4579792781293658
-0.103031402001282 -0.906312043460651 -0.4098573045339431
-6.364750612184411e-17 -0.9341723589627158 -0.35682208977309
0.1007011843161227 -0.9485809916399656 -0.3000889431096553
0.1975414971827029 -0.9502409440131212 -0.2408723836637745
0.2892410119114981 -0.9401170227910867 -0.1803319730021165
0.3748437429715581 -0.919354592345948 -0.1194960329361958
0.4537574594216967 -0.8891572825371485 -0.05919032801328762
-0.3039674576899868 -0.8639809110330831 -0.4014234298542249
-0.202641720137153 -0.9133286593329861 -0.3532238572079551
-0.1007011843161228 -0.9485809916399656 -0.3000889431096553
-4.049823915030363e-17 -0.9699889518059971 -0.2431489941873149
0.09779083395225059 -0.9781300707458026 -0.1835715596102364
0.1912204768408276 -0.9738718341847258 -0.1225086928280798
0.2791320606572631 -0.9583119235571885 -0.06102089708740316
-0.2974415710700182 -0.9082235876288806 -0.2943780336131154
-0.1975414971827029 -0.9502409440131212 -0.2408723836637744
-0.09779083395225063 -0.9781300707458026 -0.1835715596102364
2.313476587100782e-18 -0.9923347106381738 -0.1235792137159471
0.09421013647741809 -0.9936180649315798 -0.06202895474315938
-0.3863337578642344 -0.8920576310316054 -0.2344768868199573
-0.2892410119114982 -0.9401170227910867 -0.1803319730021165
-0.1912204768408276 -0.9738718341847258 -0.1225086928280797
-0.09421013647741809 -0.9936180649315798 -0.06202895474315938
-0.3748437429715581 -0.9193545923459479 -0.1194960329361958
-0.2791320606572632 -0.9583119235571885 -0.06102089708740317
-0.4537574594216968 -0.8891572825371485 -0.05919032801328757
0.05919032801328778 0.4537574594216967 0.8891572825371485
0.119496032936196 0.374843742971558 0.919354592345948
0.0610208970874033 0.2791320606572632 0.9583119235571885
0.2344768868199576 0.3863337578642344 0.8920576310316055
0.1803319730021166 0.2892410119114981 0.9401170227910867
0.1225086928280799 0.1912204768408277 0.9738718341847256
0.06202895474315953 0.0942101364774181 0.9936180649315798
0.2943780336131155 0.2974415710700181 0.9082235876288806
0.2408723836637746 0.1975414971827029 0.9502409440131212
0.1835715596102365 0.09779083395225059 0.9781300707458026
0.1235792137159473 4.048584027426369e-17 0.992334710638174
0.06202895474315956 -0.09421013647741808 0.9936180649315798
0.4014234298542249 0.3039674576899867 0.8639809110330831
0.3532238572079553 0.2026417201371529 0.9133286593329861
0.3000889431096554 0.1007011843161228 0.9485809916399653
0.243148994187315 2.314185094303065e-18 0.9699889518059971
0.1835715596102366 -0.09779083395225061 0.9781300707458026
0.1225086928280798 -0.1912204768408276 0.9738718341847258
0.06102089708740334 -0.2791320606572631 0.9583119235571885
0.4579792781293658 0.2066706056476468 0.8646052518724022
0.4098573045339431 0.1030314020012819 0.906312043460651
0.3568220897730901 -1.504395599243588e-17 0.9341723589627158
0.3000889431096554 -0.1007011843161226 0.9485809916399653
0.2408723836637745 -0.1975414971827029 0.9502409440131212
0.1803319730021166 -0.2892410119114981 0.9401170227910867
0.1194960329361959 -0.3748437429715581 0.919354592345948
0.05919032801328775 -0.4537574594216967 0.8891572825371485
0.5538586327594537 0.2097573212125685 0.8057558446052723
0.511452750330894 0.1048508861849023 0.852890600162298
0.4630268820405097 3.471354050958443e-17 0.8863442370252337
0.4098573045339431 -0.1030314020012819 0.906312043460651
0.3532238572079553 -0.2026417201371529 0.913328659332986
0.2943780336131155 -0.2974415710700182 0.9082235876288807
0.2344768868199575 -0.3863337578642344 0.8920576310316055
0.6037792644865366 0.1062210942291905 0.7900428335962869
0.5605012402939294 -4.396158753665283e-17 0.8281535845656691
0.511452750330894 -0.1048508861849023 0.852890600162298
0.4579792781293658 -0.2066706056476468 0.8646052518724022
0.4014234298542249 -0.3039674576899867 0.8639809110330831
0.6861220483132066 0.1072016972069712 0.7195445301956195
0.6483337612153338 0 0.7613562464893675
0.6037792644865366 -0.1062210942291905 0.7900428335962869
0.5538586327594538 -0.2097573212125686 0.8057558446052724
0.7260059495344064 -4.221333192052153e-17 0.6876884187192956
0.6861220483132066 -0.1072016972069712 0.7195445301956195
0.7933853200063943 1.590168404981938e-18 0.6087197499657387
0.09577196253075455 0.549529421952451 0.8299669545238609
0.1933486428115418 0.5681923857830997 0.7998585594097523
0.2721898752439821 0.4850676433756622 0.8310367339442022
0.2059355827183992 0.6585236331082163 0.7238350367372309
0.291783261575753 0.5810242734872511 0.7597850497889702
0.3700925696981892 0.4956647999831716 0.7857148948008007
0.4397594321721265 0.4043324147510477 0.8019519562899237
0.3044443231423442 0.6675341407682071 0.6794938005716104
0.389739703719192 0.5872812009018948 0.7093685603493466
0.4666773204149089 0.4996667429543428 0.7297570997227497
0.5343554325088083 0.4066259737430364 0.741026038156455
0.5921946350773551 0.3101222782736295 0.7437268898621129
0.3101222782736297 0.743726889862113 0.592194635077355
0.4018759090020924 0.6693190405520615 0.6249062135378474
0.4855541095994558 0.5862552939155785 0.6484920485303102
0.5601316472720542 0.4964547389267081 0.6631630492733362
0.6249062135378476 0.4018759090020924 0.6693190405520615
0.6794938005716104 0.304444323142344 0.6675341407682073
0.7238350367372312 0.2059355827183992 0.6585236331082164
0.4066259737430365 0.7410260381564551 0.5343554325088081
0.4964547389267079 0.6631630492733364 0.5601316472720541
0.577350269189626 0.5773502691896257 0.5773502691896257
0.6484920485303104 0.485554109599456 0.5862552939155785
0.7093685603493468 0.3897397037191919 0.5872812009018947
0.7597850497889703 0.291783261575753 0.5810242734872509
0.7998585594097523 0.1933486428115418 0.5681923857830997
0.8299669545238609 0.09577196253075455 0.549529421952451
0.4043324147510477 0.8019519562899238 0.4397594321721262
0.499666742954343 0.7297570997227496 0.4666773204149086
0.5862552939155785 0.6484920485303102 0.4855541095994557
0.6631630492733361 0.5601316472720542 0.4964547389267079
0.7297570997227497 0.4666773204149088 0.4996667429543428
0.7857148948008009 0.3700925696981892 0.4956647999831716
0.8310367339442022 0.2721898752439821 0.4850676433756621
0.4956647999831717 0.7857148948008007 0.3700925696981889
0.5872812009018948 0.7093685603493468 0.3897397037191918
0.6693190405520617 0.6249062135378474 0.4018759090020922
0.741026038156455 0.5343554325088083 0.4066259737430364
0.8019519562899238 0.4397594321721262 0.4043324147510475
0.4850676433756622 0.8310367339442022 0.272189875243982
0.5810242734872511 0.7597850497889702 0.2917832615757529
0.6675341407682073 0.6794938005716104 0.3044443231423439
0.743726889862113 0.5921946350773551 0.3101222782736295
0.5681923857830998 0.7998585594097523 0.1933486428115417
0.6585236331082162 0.723835036737231 0.205935582718399
0.549529421952451 0.8299669545238609 0.0957719625307544
0.6087197499657387 -0.7933853200063943 -1.590168404981938e-18
0.6876884187192954 -0.7260059495344064 4.163506709969247e-17
0.7195445301956195 -0.6861220483132066 -0.1072016972069712
0.7195445301956195 -0.6861220483132066 0.1072016972069712
0.7613562464893675 -0.6483337612153338 0
0.7900428335962869 -0.6037792644865366 -0.1062210942291905
0.8057558446052723 -0.5538586327594537 -0.2097573212125685
0.7900428335962869 -0.6037792644865367 0.1062210942291905
0.8281535845656691 -0.5605012402939294 4.396158753665283e-17
0.8528906001622979 -0.5114527503308939 -0.1048508861849023
0.8646052518724022 -0.4579792781293658 -0.2066706056476468
0.8639809110330831 -0.4014234298542249 -0.3039674576899867
0.8057558446052723 -0.5538586327594537 0.2097573212125685
0.8528906001622979 -0.5114527503308939 0.1048508861849023
0.8863442370252337 -0.4630268820405097 -3.471354050958443e-17
0.906312043460651 -0.4098573045339431 -0.1030314020012819
0.913328659332986 -0.3532238572079553 -0.2026417201371529
0.9082235876288807 -0.2943780336131155 -0.2974415710700181
0.8920576310316054 -0.2344768868199575 -0.3863337578642342
0.864605251872402 -0.4579792781293658 0.2066706056476468
0.906312043460651 -0.4098573045339431 0.1030314020012819
0.9341723589627158 -0.3568220897730901 1.504395599243588e-17
0.9485809916399656 -0.3000889431096555 -0.1007011843161228
0.9502409440131212 -0.2408723836637745 -0.1975414971827029
0.9401170227910867 -0.1803319730021166 -0.2892410119114981
0.919354592345948 -0.119496032936196 -0.374843742971558
0.8891572825371485 -0.05919032801328778 -0.4537574594216967
0.8639809110330831 -0.401423429854225 0.3039674576899867
0.913328659332986 -0.3532238572079552 0.2026417201371529
0.9485809916399656 -0.3000889431096555 0.1007011843161227
0.9699889518059971 -0.243148994187315 -1.157092547151532e-18
0.9781300707458026 -0.1835715596102366 -0.09779083395225061
0.9738718341847258 -0.1225086928280799 -0.1912204768408277
0.9583119235571885 -0.0610208970874033 -0.2791320606572632
0.9082235876288806 -0.2943780336131155 0.2974415710700181
0.9502409440131212 -0.2408723836637745 0.1975414971827029
0.9781300707458026 -0.1835715596102365 0.09779083395225059
0.992334710638174 -0.1235792137159473 -4.048584027426369e-17
0.9936180649315798 -0.06202895474315955 -0.09421013647741812
0.8920576310316055 -0.2344768868199575 0.3863337578642344
0.9401170227910867 -0.1803319730021166 0.2892410119114981
0.9738718341847258 -0.1225086928280798 0.1912204768408276
0.9936180649315798 -0.06202895474315955 0.09421013647741806
0.919354592345948 -0.119496032936196 0.3748437429715581
0.9583119235571884 -0.06102089708740334 0.2791320606572631
0.8891572825371485 -0.05919032801328775 0.4537574594216967
0.09577196253075451 0.549529421952451 -0.8299669545238609
0.1933486428115418 0.5681923857830995 -0.7998585594097523
0.2059355827183991 0.6585236331082162 -0.7238350367372313
0.2721898752439821 0.4850676433756622 -0.8310367339442024
0.2917832615757529 0.5810242734872509 -0.7597850497889703
0.3044443231423439 0.6675341407682073 -0.6794938005716104
0.3101222782736296 0.743726889862113 -0.5921946350773551
0.3700925696981891 0.4956647999831716 -0.7857148948008009
0.3897397037191919 0.5872812009018947 -0.7093685603493469
0.4018759090020923 0.6693190405520615 -0.6249062135378476
0.4066259737430364 0.7410260381564551 -0.5343554325088083
0.4043324147510476 0.8019519562899238 -0.4397594321721264
0.4397594321721262 0.4043324147510476 -0.8019519562899238
0.4666773204149088 0.4996667429543428 -0.7297570997227497
0.4855541095994558 0.5862552939155784 -0.6484920485303102
0.4964547389267079 0.6631630492733361 -0.5601316472720542
0.4996667429543428 0.7297570997227496 -0.4666773204149088
0.4956647999831715 0.785714894800801 -0.3700925696981891
0.4850676433756622 0.8310367339442022 -0.2721898752439821
0.5343554325088081 0.4066259737430364 -0.7410260381564551
0.5601316472720543 0.4964547389267079 -0.6631630492733361
0.5773502691896258 0.5773502691896257 -0.5773502691896258
0.5862552939155785 0.6484920485303102 -0.4855541095994558
0.5872812009018947 0.7093685603493468 -0.3897397037191919
0.5810242734872512 0.7597850497889701 -0.291783261575753
0.5681923857830997 0.7998585594097523 -0.1933486428115417
0.549529421952451 0.8299669545238609 -0.09577196253075439
0.5921946350773551 0.3101222782736295 -0.7437268898621129
0.6249062135378475 0.4018759090020923 -0.6693190405520616
0.6484920485303102 0.4855541095994558 -0.5862552939155785
0.6631630492733362 0.5601316472720542 -0.496454738926708
0.6693190405520617 0.6249062135378474 -0.4018759090020922
0.6675341407682073 0.6794938005716104 -0.3044443231423439
0.6585236331082163 0.7238350367372313 -0.205935582718399
0.6794938005716104 0.3044443231423439 -0.6675341407682071
0.7093685603493469 0.3897397037191918 -0.5872812009018947
0.7297570997227497 0.4666773204149088 -0.4996667429543429
0.7410260381564551 0.5343554325088082 -0.4066259737430364
0.743726889862113 0.5921946350773551 -0.3101222782736295
0.7238350367372313 0.2059355827183991 -0.658523633108216
0.7597850497889702 0.2917832615757529 -0.5810242734872511
0.785714894800801 0.3700925696981891 -0.4956647999831716
0.8019519562899238 0.4397594321721262 -0.4043324147510475
0.7998585594097523 0.1933486428115418 -0.5681923857830995
0.8310367339442024 0.2721898752439821 -0.4850676433756621
0.8299669545238609 0.09577196253075451 -0.5495294219524509
0.05919032801328775 0.4537574594216967 -0.8891572825371485
0.1194960329361959 0.3748437429715581 -0.919354592345948
0.2344768868199575 0.3863337578642344 -0.8920576310316055
0.06102089708740334 0.2791320606572631 -0.9583119235571885
0.1803319730021166 0.2892410119114981 -0.9401170227910867
0.2943780336131155 0.2974415710700182 -0.9082235876288806
0.4014234298542249 0.3039674576899867 -0.8639809110330831
0.1225086928280799 0.1912204768408276 -0.9738718341847258
0.2408723836637745 0.1975414971827029 -0.9502409440131212
0.3532238572079552 0.2026417201371529 -0.913328659332986
0.4579792781293658 0.2066706056476468 -0.8646052518724022
0.5538586327594538 0.2097573212125685 -0.8057558446052723
0.06202895474315954 0.09421013647741806 -0.9936180649315798
0.1835715596102366 0.09779083395225061 -0.9781300707458026
0.3000889431096554 0.1007011843161226 -0.9485809916399653
0.4098573045339431 0.1030314020012819 -0.906312043460651
0.511452750330894 0.1048508861849023 -0.852890600162298
0.6037792644865366 0.1062210942291905 -0.7900428335962869
0.6861220483132063 0.1072016972069712 -0.7195445301956195
0.1235792137159472 -4.066287467364639e-17 -0.9923347106381738
0.243148994187315 -2.314185094303065e-18 -0.9699889518059971
0.3568220897730901 1.54765558606782e-17 -0.9341723589627158
0.4630268820405097 -3.452284996903064e-17 -0.8863442370252339
0.5605012402939294 4.436651845620571e-17 -0.8281535845656691
0.6483337612153338 0 -0.7613562464893675
0.7260059495344064 4.239652577127846e-17 -0.6876884187192956
0.7933853200063943 -1.590168404981938e-18 -0.6087197499657387
0.06202895474315953 -0.0942101364774181 -0.9936180649315798
0.1835715596102366 -0.09779083395225061 -0.9781300707458026
0.3000889431096554 -0.1007011843161228 -0.9485809916399653
0.4098573045339431 -0.1030314020012819 -0.906312043460651
0.511452750330894 -0.1048508861849023 -0.852890600162298
0.6037792644865366 -0.1062210942291905 -0.7900428335962869
0.6861220483132064 -0.1072016972069712 -0.7195445301956196
0.1225086928280799 -0.1912204768408276 -0.9738718341847256
0.2408723836637745 -0.1975414971827029 -0.9502409440131212
0.3532238572079552 -0.2026417201371529 -0.913328659332986
0.4579792781293658 -0.2066706056476468 -0.8646052518724022
0.5538586327594537 -0.2097573212125686 -0.8057558446052724
0.0610208970874033 -0.2791320606572632 -0.9583119235571885
0.1803319730021166 -0.2892410119114981 -0.9401170227910867
0.2943780336131155 -0.2974415710700181 -0.9082235876288806
0.4014234298542249 -0.3039674576899867 -0.8639809110330831
0.119496032936196 -0.374843742971558 -0.9193545923459479
0.2344768868199576 -0.3863337578642344 -0.8920576310316055
0.05919032801328778 -0.4537574594216967 -0.8891572825371485
0.6087197499657387 0.7933853200063943 1.590168404981938e-18
0.6876884187192954 0.7260059495344064 -4.163506709969247e-17
0.7195445301956195 0.6861220483132066 0.1072016972069712
0.7195445301956195 0.6861220483132066 -0.1072016972069712
0.7613562464893675 0.6483337612153338 0
0.7900428335962869 0.6037792644865366 0.1062210942291905
0.8057558446052723 0.5538586327594537 0.2097573212125685
0.7900428335962869 0.6037792644865367 -0.1062210942291905
0.8281535845656691 0.5605012402939294 -4.396158753665283e-17
0.8528906001622979 0.5114527503308939 0.1048508861849023
0.8646052518724022 0.4579792781293658 0.2066706056476468
0.8639809110330831 0.4014234298542249 0.3039674576899867
0.8057558446052723 0.5538586327594537 -0.2097573212125685
0.8528906001622979 0.5114527503308939 -0.1048508861849023
0.8863442370252337 0.4630268820405097 3.471354050958443e-17
0.906312043460651 0.4098573045339431 0.1030314020012819
0.913328659332986 0.3532238572079553 0.2026417201371529
0.9082235876288807 0.2943780336131155 0.2974415710700181
0.8920576310316054 0.2344768868199575 0.3863337578642342
0.864605251872402 0.4579792781293658 -0.2066706056476468
0.906312043460651 0.4098573045339431 -0.1030314020012819
0.9341723589627158 0.3568220897730901 -1.504395599243588e-17
0.9485809916399656 0.3000889431096555 0.1007011843161228
0.9502409440131212 0.2408723836637745 0.1975414971827029
0.9401170227910867 0.1803319730021166 0.2892410119114981
0.919354592345948 0.119496032936196 0.374843742971558
0.8891572825371485 0.05919032801328778 0.4537574594216967
0.8639809110330831 0.401423429854225 -0.3039674576899867
0.913328659332986 0.3532238572079552 -0.2026417201371529
0.9485809916399656 0.3000889431096555 -0.1007011843161227
0.9699889518059971 0.243148994187315 1.157092547151532e-18
0.9781300707458026 0.1835715596102366 0.09779083395225061
0.9738718341847258 0.1225086928280799 0.1912204768408277
0.9583119235571885 0.0610208970874033 0.2791320606572632
0.9082235876288806 0.2943780336131155 -0.2974415710700181
0.9502409440131212 0.2408723836637745 -0.1975414971827029
0.9781300707458026 0.1835715596102365 -0.09779083395225059
0.992334710638174 0.1235792137159473 4.048584027426369e-17
0.9936180649315798 0.06202895474315955 0.09421013647741812
0.8920576310316055 0.2344768868199575 -0.3863337578642344
0.9401170227910867 0.1803319730021166 -0.2892410119114981
0.9738718341847258 0.1225086928280798 -0.1912204768408276
0.9936180649315798 0.06202895474315955 -0.09421013647741806
0.919354592345948 0.119496032936196 -0.3748437429715581
0.9583119235571884 0.06102089708740334 -0.2791320606572631
0.8891572825371485 0.05919032801328775 -0.4537574594216967
-0.09577196253075451 0.549529421952451 0.8299669545238609
-0.1933486428115418 0.5681923857830995 0.7998585594097523
-0.2059355827183991 0.6585236331082162 0.7238350367372313
-0.2721898752439821 0.4850676433756622 0.8310367339442024
-0.2917832615757529 0.5810242734872509 0.7597850497889703
-0.3044443231423439 0.6675341407682073 0.6794938005716104
-0.3101222782736296 0.743726889862113 0.5921946350773551
-0.3700925696981891 0.4956647999831716 0.7857148948008009
-0.3897397037191919 0.5872812009018947 0.7093685603493469
-0.4018759090020923 0.6693190405520615 0.6249062135378476
-0.4066259737430364 0.7410260381564551 0.5343554325088083
-0.4043324147510476 0.8019519562899238 0.4397594321721264
-0.4397594321721262 0.4043324147510476 0.8019519562899238
-0.4666773204149088 0.4996667429543428 0.7297570997227497
-0.4855541095994558 0.5862552939155784 0.6484920485303102
-0.4964547389267079 0.6631630492733361 0.5601316472720542
-0.4996667429543428 0.7297570997227496 0.4666773204149088
-0.4956647999831715 0.785714894800801 0.3700925696981891
-0.4850676433756622 0.8310367339442022 0.2721898752439821
-0.5343554325088081 0.4066259737430364 0.7410260381564551
-0.5601316472720543 0.4964547389267079 0.6631630492733361
-0.5773502691896258 0.5773502691896257 0.5773502691896258
-0.5862552939155785 0.6484920485303102 0.4855541095994558
-0.5872812009018947 0.7093685603493468 0.3897397037191919
-0.5810242734872512 0.7597850497889701 0.291783261575753
-0.5681923857830997 0.7998585594097523 0.1933486428115417
-0.549529421952451 0.8299669545238609 0.09577196253075439
-0.5921946350773551 0.3101222782736295 0.7437268898621129
-0.6249062135378475 0.4018759090020923 0.6693190405520616
-0.6484920485303102 0.4855541095994558 0.5862552939155785
-0.6631630492733362 0.5601316472720542 0.496454738926708
-0.6693190405520617 0.6249062135378474 0.4018759090020922
-0.6675341407682073 0.6794938005716104 0.3044443231423439
-0.6585236331082163 0.7238350367372313 0.205935582718399
-0.6794938005716104 0.3044443231423439 0.6675341407682071
-0.7093685603493469 0.3897397037191918 0.5872812009018947
-0.7297570997227497 0.4666773204149088 0.4996667429543429
-0.7410260381564551 0.5343554325088082 0.4066259737430364
-0.743726889862113 0.5921946350773551 0.3101222782736295
-0.7238350367372313 0.2059355827183991 0.658523633108216
-0.7597850497889702 0.2917832615757529 0.5810242734872511
-0.785714894800801 0.3700925696981891 0.4956647999831716
-0.8019519562899238 0.4397594321721262 0.4043324147510475
-0.7998585594097523 0.1933486428115418 0.5681923857830995
-0.8310367339442024 0.2721898752439821 0.4850676433756621
-0.8299669545238609 0.09577196253075451 0.5495294219524509
-0.6087197499657387 0.7933853200063943 -1.590168404981938e-18
-0.6876884187192954 0.7260059495344064 4.163506709969247e-17
-0.7195445301956195 0.6861220483132066 -0.1072016972069712
-0.7195445301956195 0.6861220483132066 0.1072016972069712
-0.7613562464893675 0.6483337612153338 0
-0.7900428335962869 0.6037792644865366 -0.1062210942291905
-0.8057558446052723 0.5538586327594537 -0.2097573212125685
-0.7900428335962869 0.6037792644865367 0.1062210942291905
-0.8281535845656691 0.5605012402939294 4.396158753665283e-17
-0.8528906001622979 0.5114527503308939 -0.1048508861849023
-0.8646052518724022 0.4579792781293658 -0.2066706056476468
-0.8639809110330831 0.4014234298542249 -0.3039674576899867
-0.8057558446052723 0.5538586327594537 0.2097573212125685
-0.8528906001622979 0.5114527503308939 0.1048508861849023
-0.8863442370252337 0.4630268820405097 -3.471354050958443e-17
-0.906312043460651 0.4098573045339431 -0.1030314020012819
-0.913328659332986 0.3532238572079553 -0.2026417201371529
-0.9082235876288807 0.2943780336131155 -0.2974415710700181
-0.8920576310316054 0.2344768868199575 -0.3863337578642342
-0.864605251872402 0.4579792781293658 0.2066706056476468
-0.906312043460651 0.4098573045339431 0.1030314020012819
-0.9341723589627158 0.3568220897730901 1.504395599243588e-17
-0.9485809916399656 0.3000889431096555 -0.1007011843161228
-0.9502409440131212 0.2408723836637745 -0.1975414971827029
-0.9401170227910867 0.1803319730021166 -0.2892410119114981
-0.919354592345948 0.119496032936196 -0.374843742971558
-0.8891572825371485 0.05919032801328778 -0.4537574594216967
-0.8639809110330831 0.401423429854225 0.3039674576899867
-0.913328659332986 0.3532238572079552 0.2026417201371529
-0.9485809916399656 0.3000889431096555 0.1007011843161227
-0.9699889518059971 0.243148994187315 -1.157092547151532e-18
-0.9781300707458026 0.1835715596102366 -0.09779083395225061
-0.9738718341847258 0.1225086928280799 -0.1912204768408277
-0.9583119235571885 0.0610208970874033 -0.2791320606572632
-0.9082235876288806 0.2943780336131155 0.2974415710700181
-0.9502409440131212 0.2408723836637745 0.1975414971827029
-0.9781300707458026 0.1835715596102365 0.09779083395225059
-0.992334710638174 0.1235792137159473 -4.048584027426369e-17
-0.9936180649315798 0.06202895474315955 -0.09421013647741812
-0.8920576310316055 0.2344768868199575 0.3863337578642344
-0.9401170227910867 0.1803319730021166 0.2892410119114981
-0.9738718341847258 0.1225086928280798 0.1912204768408276
-0.9936180649315798 0.06202895474315955 0.09421013647741806
-0.919354592345948 0.119496032936196 0.3748437429715581
-0.9583119235571884 0.06102089708740334 0.2791320606572631
-0.8891572825371485 0.05919032801328775 0.4537574594216967
-0.09577196253075455 0.549529421952451 -0.8299669545238609
-0.1933486428115418 0.5681923857830997 -0.7998585594097523
-0.2721898752439821 0.4850676433756622 -0.8310367339442022
-0.2059355827183992 0.6585236331082163 -0.7238350367372309
-0.291783261575753 0.5810242734872511 -0.7597850497889702
-0.3700925696981892 0.4956647999831716 -0.7857148948008007
-0.4397594321721265 0.4043324147510477 -0.8019519562899237
-0.3044443231423442 0.6675341407682071 -0.6794938005716104
-0.389739703719192 0.5872812009018948 -0.7093685603493466
-0.4666773204149089 0.4996667429543428 -0.7297570997227497
-0.5343554325088083 0.4066259737430364 -0.741026038156455
-0.5921946350773551 0.3101222782736295 -0.7437268898621129
-0.3101222782736297 0.743726889862113 -0.592194635077355
-0.4018759090020924 0.6693190405520615 -0.6249062135378474
-0.4855541095994558 0.5862552939155785 -0.6484920485303102
-0.5601316472720542 0.4964547389267081 -0.6631630492733362
-0.6249062135378476 0.4018759090020924 -0.6693190405520615
-0.6794938005716104 0.304444323142344 -0.6675341407682073
-0.7238350367372312 0.2059355827183992 -0.6585236331082164
-0.4066259737430365 0.7410260381564551 -0.5343554325088081
-0.4964547389267079 0.6631630492733364 -0.5601316472720541
-0.577350269189626 0.5773502691896257 -0.5773502691896257
-0.6484920485303104 0.485554109599456 -0.5862552939155785
-0.7093685603493468 0.3897397037191919 -0.5872812009018947
-0.7597850497889703 0.291783261575753 -0.5810242734872509
-0.7998585594097523 0.1933486428115418 -0.5681923857830997
-0.8299669545238609 0.09577196253075455 -0.549529421952451
-0.4043324147510477 0.8019519562899238 -0.4397594321721262
-0.499666742954343 0.7297570997227496 -0.4666773204149086
-0.5862552939155785 0.6484920485303102 -0.4855541095994557
-0.6631630492733361 0.5601316472720542 -0.4964547389267079
-0.7297570997227497 0.4666773204149088 -0.4996667429543428
-0.7857148948008009 0.3700925696981892 -0.4956647999831716
-0.8310367339442022 0.2721898752439821 -0.4850676433756621
-0.4956647999831717 0.7857148948008007 -0.3700925696981889
-0.5872812009018948 0.7093685603493468 -0.3897397037191918
-0.6693190405520617 0.6249062135378474 -0.4018759090020922
-0.741026038156455 0.5343554325088083 -0.4066259737430364
-0.8019519562899238 0.4397594321721262 -0.4043324147510475
-0.4850676433756622 0.8310367339442022 -0.272189875243982
-0.5810242734872511 0.7597850497889702 -0.2917832615757529
-0.6675341407682073 0.6794938005716104 -0.3044443231423439
-0.743726889862113 0.5921946350773551 -0.3101222782736295
-0.5681923857830998 0.7998585594097523 -0.1933486428115417
-0.6585236331082162 0.723835036737231 -0.205935582718399
-0.549529421952451 0.8299669545238609 -0.0957719625307544
-0.6087197499657387 -0.7933853200063943 1.590168404981938e-18
-0.6876884187192954 -0.7260059495344064 -4.163506709969247e-17
-0.7195445301956195 -0.6861220483132066 0.1072016972069712
-0.7195445301956195 -0.6861220483132066 -0.1072016972069712
-0.7613562464893675 -0.6483337612153338 0
-0.7900428335962869 -0.6037792644865366 0.1062210942291905
-0.8057558446052723 -0.5538586327594537 0.2097573212125685
-0.7900428335962869 -0.6037792644865367 -0.1062210942291905
-0.8281535845656691 -0.5605012402939294 -4.396158753665283e-17
-0.8528906001622979 -0.5114527503308939 0.1048508861849023
-0.8646052518724022 -0.4579792781293658 0.2066706056476468
-0.8639809110330831 -0.4014234298542249 0.3039674576899867
-0.8057558446052723 -0.5538586327594537 -0.2097573212125685
-0.8528906001622979 -0.5114527503308939 -0.1048508861849023
-0.8863442370252337 -0.4630268820405097 3.471354050958443e-17
-0.906312043460651 -0.4098573045339431 0.1030314020012819
-0.913328659332986 -0.3532238572079553 0.2026417201371529
-0.9082235876288807 -0.2943780336131155 0.2974415710700181
-0.8920576310316054 -0.2344768868199575 0.3863337578642342
-0.864605251872402 -0.4579792781293658 -0.2066706056476468
-0.906312043460651 -0.4098573045339431 -0.1030314020012819
-0.9341723589627158 -0.3568220897730901 -1.504395599243588e-17
-0.9485809916399656 -0.3000889431096555 0.1007011843161228
-0.9502409440131212 -0.2408723836637745 0.1975414971827029
-0.9401170227910867 -0.1803319730021166 0.2892410119114981
-0.919354592345948 -0.119496032936196 0.374843742971558
-0.8891572825371485 -0.05919032801328778 0.4537574594216967
-0.8639809110330831 -0.401423429854225 -0.3039674576899867
-0.913328659332986 -0.3532238572079552 -0.2026417201371529
-0.9485809916399656 -0.3000889431096555 -0.1007011843161227
-0.9699889518059971 -0.243148994187315 1.157092547151532e-18
-0.9781300707458026 -0.1835715596102366 0.09779083395225061
-0.9738718341847258 -0.1225086928280799 0.1912204768408277
-0.9583119235571885 -0.0610208970874033 0.2791320606572632
-0.9082235876288806 -0.2943780336131155 -0.2974415710700181
-0.9502409440131212 -0.2408723836637745 -0.1975414971827029
-0.9781300707458026 -0.1835715596102365 -0.09779083395225059
-0.992334710638174 -0.1235792137159473 4.048584027426369e-17
-0.9936180649315798 -0.06202895474315955 0.09421013647741812
-0.8920576310316055 -0.2344768868199575 -0.3863337578642344
-0.9401170227910867 -0.1803319730021166 -0.2892410119114981
-0.9738718341847258 -0.1225086928280798 -0.1912204768408276
-0.9936180649315798 -0.06202895474315955 -0.09421013647741806
-0.919354592345948 -0.119496032936196 -0.3748437429715581
-0.9583119235571884 -0.06102089708740334 -0.2791320606572631
-0.8891572825371485 -0.05919032801328775 -0.4537574594216967
