0 0.5257311121191336 0.85065080835204
0 0.5257311121191336 -0.85065080835204
0 -0.5257311121191336 0.85065080835204
0 -0.5257311121191336 -0.85065080835204
0.5257311121191336 0.85065080835204 0
0.5257311121191336 -0.85065080835204 0
-0.5257311121191336 0.85065080835204 0
-0.5257311121191336 -0.85065080835204 0
0.85065080835204 0 0.5257311121191336
0.85065080835204 0 -0.5257311121191336
-0.85065080835204 0 0.5257311121191336
-0.85065080835204 0 -0.5257311121191336
-0.3568220897730901 -1.504395599243588e-17 -0.9341723589627158
-0.3568220897730901 1.54765558606782e-17 0.9341723589627158
0.5773502691896258 -0.5773502691896257 0.5773502691896258
-0.5773502691896258 -0.5773502691896257 -0.5773502691896258
6.364750612184411e-17 0.9341723589627158 -0.35682208977309
6.364750612184411e-17 -0.9341723589627158 0.35682208977309
0.577350269189626 -0.5773502691896257 -0.5773502691896257
-6.364750612184411e-17 0.9341723589627158 0.35682208977309
-0.577350269189626 -0.5773502691896257 0.5773502691896257
-6.364750612184411e-17 -0.9341723589627158 -0.35682208977309
0.3568220897730901 -1.504395599243588e-17 0.9341723589627158
0.577350269189626 0.5773502691896257 0.5773502691896257
0.9341723589627158 -0.3568220897730901 1.504395599243588e-17
0.5773502691896258 0.5773502691896257 -0.5773502691896258
0.3568220897730901 1.54765558606782e-17 -0.9341723589627158
0.9341723589627158 0.3568220897730901 -1.504395599243588e-17
-0.5773502691896258 0.5773502691896257 0.5773502691896258
-0.9341723589627158 0.3568220897730901 1.504395599243588e-17
-0.577350269189626 0.5773502691896257 -0.5773502691896257
-0.9341723589627158 -0.3568220897730901 -1.504395599243588e-17
