0 0.5257311121191336 0.85065080835204
0 0.5257311121191336 -0.85065080835204
0 -0.5257311121191336 0.85065080835204
0 -0.5257311121191336 -0.85065080835204
0.5257311121191336 0.85065080835204 0
0.5257311121191336 -0.85065080835204 0
-0.5257311121191336 0.85065080835204 0
-0.5257311121191336 -0.85065080835204 0
0.85065080835204 0 0.5257311121191336
0.85065080835204 0 -0.5257311121191336
-0.85065080835204 0 0.5257311121191336
-0.85065080835204 0 -0.5257311121191336
1.740193921680561e-16 0 1
0.3090169943749475 0.8090169943749475 0.5
-0.3090169943749475 0.8090169943749472 0.5000000000000001
0.5000000000000001 0.3090169943749475 0.8090169943749472
-0.5 0.3090169943749472 0.8090169943749472
1.740193921680561e-16 0 -1
0.3090169943749475 0.8090169943749472 -0.5000000000000001
-0.3090169943749475 0.8090169943749475 -0.5
0.5 0.3090169943749473 -0.8090169943749475
-0.5000000000000001 0.3090169943749475 -0.8090169943749472
0.3090169943749475 -0.8090169943749472 0.4999999999999999
-0.3090169943749475 -0.8090169943749475 0.5
0.5 -0.3090169943749473 0.8090169943749475
-0.5000000000000001 -0.3090169943749475 0.8090169943749472
0.3090169943749473 -0.8090169943749472 -0.5
-0.3090169943749475 -0.8090169943749472 -0.4999999999999999
0.5 -0.3090169943749473 -0.8090169943749475
-0.5 -0.3090169943749472 -0.8090169943749472
-2.280759219278673e-49 1 4.593610960589066e-33
0.8090169943749475 0.5 0.3090169943749473
0.8090169943749475 0.5 -0.3090169943749473
-2.280759219278673e-49 -1 -4.593610960589066e-33
0.8090169943749475 -0.5 0.3090169943749473
0.8090169943749475 -0.5 -0.3090169943749473
-0.8090169943749475 0.5 0.3090169943749473
-0.8090169943749472 0.5 -0.3090169943749473
-0.8090169943749475 -0.5 0.3090169943749473
-0.8090169943749475 -0.5 -0.3090169943749473
1 1.740193921680561e-16 0
-1 -1.740193921680561e-16 0
-0.1803319730021166 0.2892410119114981 -0.9401170227910867
-0.3568220897730901 -1.504395599243588e-17 -0.9341723589627158
-0.1803319730021166 -0.2892410119114981 -0.9401170227910867
-0.6483337612153338 0 -0.7613562464893675
-0.1803319730021166 0.2892410119114981 0.9401170227910867
-0.3568220897730901 1.54765558606782e-17 0.9341723589627158
-0.6483337612153338 0 0.7613562464893675
-0.1803319730021166 -0.2892410119114981 0.9401170227910867
0.2917832615757529 -0.5810242734872509 0.7597850497889703
0.5773502691896258 -0.5773502691896257 0.5773502691896258
0.5810242734872512 -0.7597850497889701 0.291783261575753
0.7597850497889702 -0.2917832615757529 0.5810242734872511
-0.2917832615757529 -0.5810242734872509 -0.7597850497889703
-0.5773502691896258 -0.5773502691896257 -0.5773502691896258
-0.5810242734872512 -0.7597850497889701 -0.291783261575753
-0.7597850497889702 -0.2917832615757529 -0.5810242734872511
9.9472925930544e-17 0.7613562464893675 -0.6483337612153339
6.364750612184411e-17 0.9341723589627158 -0.35682208977309
-0.2892410119114981 0.9401170227910867 -0.1803319730021165
0.2892410119114982 0.9401170227910867 -0.1803319730021165
9.9472925930544e-17 -0.7613562464893675 0.6483337612153339
6.364750612184411e-17 -0.9341723589627158 0.35682208977309
-0.2892410119114981 -0.9401170227910867 0.1803319730021165
0.2892410119114982 -0.9401170227910867 0.1803319730021165
0.291783261575753 -0.5810242734872511 -0.7597850497889702
0.577350269189626 -0.5773502691896257 -0.5773502691896257
0.7597850497889703 -0.291783261575753 -0.5810242734872509
0.5810242734872511 -0.7597850497889702 -0.2917832615757529
-9.9472925930544e-17 0.7613562464893675 0.6483337612153339
-6.364750612184411e-17 0.9341723589627158 0.35682208977309
0.2892410119114981 0.9401170227910867 0.1803319730021165
-0.2892410119114982 0.9401170227910867 0.1803319730021165
-0.291783261575753 -0.5810242734872511 0.7597850497889702
-0.577350269189626 -0.5773502691896257 0.5773502691896257
-0.7597850497889703 -0.291783261575753 0.5810242734872509
-0.5810242734872511 -0.7597850497889702 0.2917832615757529
-9.9472925930544e-17 -0.7613562464893675 -0.6483337612153339
-6.364750612184411e-17 -0.9341723589627158 -0.35682208977309
0.2892410119114981 -0.9401170227910867 -0.1803319730021165
-0.2892410119114982 -0.9401170227910867 -0.1803319730021165
0.1803319730021166 0.2892410119114981 0.9401170227910867
0.3568220897730901 -1.504395599243588e-17 0.9341723589627158
0.1803319730021166 -0.2892410119114981 0.9401170227910867
0.6483337612153338 0 0.7613562464893675
0.291783261575753 0.5810242734872511 0.7597850497889702
0.577350269189626 0.5773502691896257 0.5773502691896257
0.7597850497889703 0.291783261575753 0.5810242734872509
0.5810242734872511 0.7597850497889702 0.2917832615757529
0.7613562464893675 -0.6483337612153338 0
0.9341723589627158 -0.3568220897730901 1.504395599243588e-17
0.9401170227910867 -0.1803319730021166 -0.2892410119114981
0.9401170227910867 -0.1803319730021166 0.2892410119114981
0.2917832615757529 0.5810242734872509 -0.7597850497889703
0.5773502691896258 0.5773502691896257 -0.5773502691896258
0.5810242734872512 0.7597850497889701 -0.291783261575753
0.7597850497889702 0.2917832615757529 -0.5810242734872511
0.1803319730021166 0.2892410119114981 -0.9401170227910867
0.3568220897730901 1.54765558606782e-17 -0.9341723589627158
0.6483337612153338 0 -0.7613562464893675
0.1803319730021166 -0.2892410119114981 -0.9401170227910867
0.7613562464893675 0.6483337612153338 0
0.9341723589627158 0.3568220897730901 -1.504395599243588e-17
0.9401170227910867 0.1803319730021166 0.2892410119114981
0.9401170227910867 0.1803319730021166 -0.2892410119114981
-0.2917832615757529 0.5810242734872509 0.7597850497889703
-0.5773502691896258 0.5773502691896257 0.5773502691896258
-0.5810242734872512 0.7597850497889701 0.291783261575753
-0.7597850497889702 0.2917832615757529 0.5810242734872511
-0.7613562464893675 0.6483337612153338 0
-0.9341723589627158 0.3568220897730901 1.504395599243588e-17
-0.9401170227910867 0.1803319730021166 -0.2892410119114981
-0.9401170227910867 0.1803319730021166 0.2892410119114981
-0.291783261575753 0.5810242734872511 -0.7597850497889702
-0.577350269189626 0.5773502691896257 -0.5773502691896257
-0.7597850497889703 0.291783261575753 -0.5810242734872509
-0.5810242734872511 0.7597850497889702 -0.2917832615757529
-0.7613562464893675 -0.6483337612153338 0
-0.9341723589627158 -0.3568220897730901 -1.504395599243588e-17
-0.9401170227910867 -0.1803319730021166 0.2892410119114981
-0.9401170227910867 -0.1803319730021166 -0.2892410119114981
