0 0.5257311121191336 0.85065080835204
0 0.5257311121191336 -0.85065080835204
0 -0.5257311121191336 0.85065080835204
0 -0.5257311121191336 -0.85065080835204
0.5257311121191336 0.85065080835204 0
0.5257311121191336 -0.85065080835204 0
-0.5257311121191336 0.85065080835204 0
-0.5257311121191336 -0.85065080835204 0
0.85065080835204 0 0.5257311121191336
0.85065080835204 0 -0.5257311121191336
-0.85065080835204 0 0.5257311121191336
-0.85065080835204 0 -0.5257311121191336
1.645084007145545e-16 0.3260711785627278 0.9453452208112726
1.729539352214299e-16 0.110488823890414 0.9938773665776443
1.768934464298293e-16 -0.1104888238904139 0.9938773665776443
1.645084007145545e-16 -0.3260711785627278 0.9453452208112726
0.1290921495004566 0.6640388136357056 0.7364697352387511
0.2518805846519045 0.7699207556152949 0.5863260195046678
0.3623694085423185 0.8382066041565721 0.4075513470729766
0.4551633280631844 0.8655618847392077 0.2088754855725214
-0.1290921495004566 0.6640388136357056 0.7364697352387511
-0.2518805846519044 0.7699207556152948 0.5863260195046679
-0.3623694085423184 0.838206604156572 0.4075513470729768
-0.4551633280631843 0.8655618847392075 0.2088754855725215
0.2088754855725217 0.4551633280631842 0.8655618847392077
0.4075513470729766 0.3623694085423185 0.8382066041565721
0.5863260195046678 0.2518805846519044 0.7699207556152949
0.7364697352387511 0.1290921495004566 0.6640388136357057
-0.2088754855725217 0.4551633280631842 0.8655618847392077
-0.4075513470729767 0.3623694085423183 0.8382066041565721
-0.5863260195046678 0.2518805846519044 0.7699207556152948
-0.7364697352387511 0.1290921495004566 0.6640388136357057
1.645084007145544e-16 0.3260711785627277 -0.9453452208112724
1.768934464298293e-16 0.1104888238904139 -0.9938773665776443
1.729539352214299e-16 -0.1104888238904139 -0.9938773665776443
1.645084007145544e-16 -0.3260711785627277 -0.9453452208112724
0.1290921495004566 0.6640388136357056 -0.7364697352387511
0.2518805846519044 0.7699207556152948 -0.5863260195046679
0.3623694085423184 0.838206604156572 -0.4075513470729768
0.4551633280631843 0.8655618847392075 -0.2088754855725215
-0.1290921495004566 0.6640388136357056 -0.7364697352387511
-0.2518805846519045 0.7699207556152949 -0.5863260195046678
-0.3623694085423185 0.8382066041565721 -0.4075513470729766
-0.4551633280631844 0.8655618847392077 -0.2088754855725214
0.2088754855725217 0.4551633280631842 -0.8655618847392077
0.4075513470729766 0.3623694085423184 -0.8382066041565721
0.5863260195046676 0.2518805846519044 -0.7699207556152952
0.736469735238751 0.1290921495004566 -0.6640388136357059
-0.2088754855725217 0.4551633280631842 -0.8655618847392077
-0.4075513470729766 0.3623694085423185 -0.8382066041565721
-0.5863260195046678 0.2518805846519044 -0.7699207556152949
-0.7364697352387511 0.1290921495004566 -0.6640388136357057
0.1290921495004567 -0.6640388136357057 0.7364697352387509
0.2518805846519045 -0.7699207556152948 0.5863260195046677
0.3623694085423185 -0.8382066041565721 0.4075513470729766
0.4551633280631843 -0.8655618847392075 0.2088754855725214
-0.1290921495004566 -0.6640388136357056 0.7364697352387511
-0.2518805846519045 -0.7699207556152949 0.5863260195046678
-0.3623694085423185 -0.8382066041565721 0.4075513470729766
-0.4551633280631844 -0.8655618847392077 0.2088754855725214
0.2088754855725217 -0.4551633280631842 0.8655618847392077
0.4075513470729766 -0.3623694085423184 0.8382066041565721
0.5863260195046676 -0.2518805846519044 0.7699207556152949
0.736469735238751 -0.1290921495004566 0.6640388136357059
-0.2088754855725217 -0.4551633280631842 0.8655618847392077
-0.4075513470729766 -0.3623694085423185 0.8382066041565721
-0.5863260195046678 -0.2518805846519044 0.7699207556152949
-0.7364697352387511 -0.1290921495004566 0.6640388136357057
0.1290921495004564 -0.6640388136357056 -0.7364697352387513
0.2518805846519044 -0.7699207556152948 -0.5863260195046678
0.3623694085423184 -0.8382066041565721 -0.4075513470729766
0.4551633280631843 -0.8655618847392077 -0.2088754855725215
-0.1290921495004567 -0.6640388136357057 -0.7364697352387509
-0.2518805846519045 -0.7699207556152948 -0.5863260195046677
-0.3623694085423185 -0.8382066041565721 -0.4075513470729766
-0.4551633280631843 -0.8655618847392075 -0.2088754855725214
0.2088754855725217 -0.4551633280631842 -0.8655618847392077
0.4075513470729766 -0.3623694085423184 -0.8382066041565721
0.5863260195046678 -0.2518805846519044 -0.7699207556152949
0.736469735238751 -0.1290921495004566 -0.6640388136357059
-0.2088754855725217 -0.4551633280631842 -0.8655618847392077
-0.4075513470729767 -0.3623694085423183 -0.8382066041565721
-0.5863260195046678 -0.2518805846519044 -0.7699207556152948
-0.7364697352387511 -0.1290921495004566 -0.6640388136357057
0.3260711785627278 0.9453452208112726 2.295290765956973e-17
0.1104888238904139 0.9938773665776443 7.777564957901561e-18
-0.1104888238904139 0.9938773665776443 -3.838053749502125e-18
-0.3260711785627277 0.9453452208112724 -1.008541802554181e-17
0.6640388136357059 0.736469735238751 0.1290921495004566
0.7699207556152949 0.5863260195046678 0.2518805846519044
0.8382066041565721 0.4075513470729766 0.3623694085423184
0.8655618847392077 0.2088754855725217 0.4551633280631843
0.6640388136357059 0.736469735238751 -0.1290921495004566
0.7699207556152952 0.5863260195046676 -0.2518805846519044
0.8382066041565721 0.4075513470729766 -0.3623694085423184
0.8655618847392077 0.2088754855725217 -0.4551633280631843
0.3260711785627278 -0.9453452208112726 -2.295290765956973e-17
0.1104888238904139 -0.9938773665776443 -7.777564957901561e-18
-0.1104888238904139 -0.9938773665776443 3.838053749502125e-18
-0.3260711785627277 -0.9453452208112724 1.008541802554181e-17
0.6640388136357059 -0.736469735238751 0.1290921495004566
0.7699207556152952 -0.5863260195046676 0.2518805846519044
0.8382066041565721 -0.4075513470729766 0.3623694085423184
0.8655618847392077 -0.2088754855725217 0.4551633280631843
0.6640388136357059 -0.736469735238751 -0.1290921495004566
0.7699207556152949 -0.5863260195046678 -0.2518805846519044
0.8382066041565721 -0.4075513470729766 -0.3623694085423184
0.8655618847392077 -0.2088754855725217 -0.4551633280631843
-0.6640388136357059 0.736469735238751 0.1290921495004566
-0.7699207556152952 0.5863260195046676 0.2518805846519044
-0.8382066041565721 0.4075513470729766 0.3623694085423184
-0.8655618847392077 0.2088754855725217 0.4551633280631843
-0.6640388136357057 0.7364697352387509 -0.1290921495004564
-0.7699207556152949 0.5863260195046678 -0.2518805846519044
-0.8382066041565721 0.4075513470729766 -0.3623694085423184
-0.8655618847392077 0.2088754855725217 -0.4551633280631842
-0.6640388136357059 -0.736469735238751 0.1290921495004566
-0.7699207556152949 -0.5863260195046678 0.2518805846519044
-0.8382066041565721 -0.4075513470729766 0.3623694085423184
-0.8655618847392077 -0.2088754855725217 0.4551633280631843
-0.6640388136357059 -0.736469735238751 -0.1290921495004566
-0.7699207556152952 -0.5863260195046676 -0.2518805846519044
-0.8382066041565721 -0.4075513470729766 -0.3623694085423184
-0.8655618847392077 -0.2088754855725217 -0.4551633280631843
0.9453452208112724 1.645084007145544e-16 0.3260711785627277
0.9938773665776443 1.729539352214299e-16 0.110488823890414
0.9938773665776443 1.768934464298293e-16 -0.1104888238904139
0.9453452208112724 1.645084007145544e-16 -0.3260711785627277
-0.9453452208112724 -1.645084007145544e-16 0.3260711785627277
-0.9938773665776443 -1.729539352214299e-16 0.110488823890414
-0.9938773665776443 -1.768934464298293e-16 -0.1104888238904139
-0.9453452208112724 -1.645084007145544e-16 -0.3260711785627277
-0.07117742159620315 0.4385262866686563 -0.895895345760606
-0.1438078386223927 0.3413803654553126 -0.9288588437606401
-0.07361942344638994 0.2253414248648737 -0.9714944275348621
-0.2806925185540632 0.3533196357970553 -0.8923995433593706
-0.2167536907711118 0.2348996728892493 -0.9475441843067925
-0.1474058179673029 0.1160627192013152 -0.9822428264136047
-0.07451123509246226 0 -0.9972201742067777
-0.3516737981379345 0.242307273760055 -0.9042194008017131
-0.2884059617343976 0.1204231720261458 -0.9499053957501338
-0.2196511740489142 -1.851254785868326e-17 -0.9755784754385132
-0.1474058179673029 -0.1160627192013151 -0.9822428264136047
-0.07361942344639 -0.2253414248648738 -0.9714944275348621
-0.4755848491879511 0.247877125501771 -0.8440236856130597
-0.4199132921037328 0.1237687956169219 -0.8990851530006165
-0.3568220897730901 -1.504395599243588e-17 -0.9341723589627158
-0.2884059617343976 -0.1204231720261459 -0.9499053957501338
-0.2167536907711118 -0.2348996728892493 -0.9475441843067925
-0.1438078386223927 -0.3413803654553126 -0.9288588437606401
-0.07117742159620311 -0.4385262866686563 -0.895895345760606
-0.5394672226323974 0.1262445545587399 -0.8324886955085653
-0.4832547471057771 -5.091136079056115e-17 -0.8754797824049002
-0.4199132921037327 -0.1237687956169219 -0.8990851530006165
-0.3516737981379345 -0.242307273760055 -0.9042194008017131
-0.2806925185540631 -0.3533196357970553 -0.8923995433593706
-0.6453026030587593 0.1279782109321816 -0.7531308837195479
-0.5968293454521495 0 -0.8023682025150043
-0.5394672226323974 -0.1262445545587398 -0.8324886955085653
-0.4755848491879511 -0.247877125501771 -0.8440236856130597
-0.696172873020949 2.60228308008597e-17 -0.7178741748173962
-0.6453026030587594 -0.1279782109321816 -0.7531308837195479
-0.7807278583863688 0 -0.6248711956390965
-0.07117742159620311 0.4385262866686563 0.895895345760606
-0.1438078386223927 0.3413803654553126 0.9288588437606401
-0.2806925185540632 0.3533196357970553 0.8923995433593706
-0.07361942344639 0.2253414248648738 0.9714944275348621
-0.2167536907711118 0.2348996728892493 0.9475441843067925
-0.3516737981379345 0.2423072737600549 0.9042194008017131
-0.4755848491879511 0.247877125501771 0.8440236856130597
-0.1474058179673029 0.1160627192013151 0.9822428264136047
-0.2884059617343976 0.1204231720261459 0.9499053957501338
-0.4199132921037328 0.1237687956169219 0.8990851530006165
-0.5394672226323974 0.1262445545587398 0.8324886955085653
-0.6453026030587594 0.1279782109321816 0.7531308837195478
-0.07451123509246226 0 0.9972201742067777
-0.2196511740489142 1.794760839104022e-17 0.9755784754385132
-0.3568220897730901 1.54765558606782e-17 0.9341723589627158
-0.4832547471057771 5.145996381929267e-17 0.8754797824049002
-0.5968293454521495 0 0.8023682025150043
-0.696172873020949 -2.631095703996643e-17 0.7178741748173962
-0.7807278583863688 0 0.6248711956390964
-0.1474058179673029 -0.1160627192013152 0.9822428264136047
-0.2884059617343976 -0.1204231720261458 0.9499053957501338
-0.4199132921037328 -0.1237687956169219 0.8990851530006165
-0.5394672226323974 -0.1262445545587398 0.8324886955085652
-0.6453026030587594 -0.1279782109321816 0.7531308837195479
-0.07361942344638994 -0.2253414248648737 0.9714944275348621
-0.2167536907711118 -0.2348996728892493 0.9475441843067925
-0.3516737981379345 -0.242307273760055 0.9042194008017131
-0.4755848491879511 -0.247877125501771 0.8440236856130597
-0.1438078386223927 -0.3413803654553126 0.9288588437606401
-0.2806925185540632 -0.3533196357970553 0.8923995433593706
-0.07117742159620315 -0.4385262866686563 0.895895345760606
0.1151674873742373 -0.5536937740428932 0.8247179241644033
0.232685970739691 -0.5740663361950036 0.7850510051382474
0.2470969403006112 -0.6795114602731579 0.6908019089807994
0.3261918244761028 -0.4724383651654848 0.8187801199129807
0.3507148388546432 -0.5856145117438923 0.7307904935356809
0.3647521781693158 -0.6850828775412625 0.6305690282756705
0.3684388364251087 -0.7695124505205977 0.5216353250188266
0.4427756037812076 -0.4808148973706306 0.7568135828344104
0.4666506486443567 -0.5870738206705025 0.6614994340157363
0.4791718608968838 -0.6794339789517023 0.5556651833347807
0.4808148973706309 -0.7568135828344102 0.4427756037812075
0.472438365165485 -0.8187801199129807 0.3261918244761029
0.5216353250188266 -0.3684388364251087 0.7695124505205977
0.5556651833347804 -0.4791718608968837 0.6794339789517023
0.5773502691896258 -0.5773502691896257 0.5773502691896258
0.5870738206705026 -0.6614994340157363 0.4666506486443568
0.5856145117438927 -0.7307904935356808 0.3507148388546433
0.5740663361950036 -0.7850510051382474 0.232685970739691
0.5536937740428934 -0.824717924164403 0.1151674873742373
0.6305690282756705 -0.3647521781693157 0.6850828775412625
0.6614994340157363 -0.4666506486443568 0.5870738206705026
0.6794339789517024 -0.5556651833347805 0.4791718608968838
0.6850828775412625 -0.6305690282756705 0.3647521781693158
0.679511460273158 -0.6908019089807993 0.2470969403006112
0.6908019089807992 -0.2470969403006112 0.679511460273158
0.7307904935356809 -0.3507148388546433 0.5856145117438926
0.7568135828344104 -0.4427756037812074 0.4808148973706308
0.7695124505205977 -0.5216353250188267 0.3684388364251086
0.7850510051382474 -0.232685970739691 0.5740663361950037
0.8187801199129807 -0.3261918244761029 0.4724383651654848
0.824717924164403 -0.1151674873742374 0.5536937740428934
-0.1151674873742373 -0.5536937740428932 -0.8247179241644033
-0.232685970739691 -0.5740663361950036 -0.7850510051382474
-0.2470969403006112 -0.6795114602731579 -0.6908019089807994
-0.3261918244761028 -0.4724383651654848 -0.8187801199129807
-0.3507148388546432 -0.5856145117438923 -0.7307904935356809
-0.3647521781693158 -0.6850828775412625 -0.6305690282756705
-0.3684388364251087 -0.7695124505205977 -0.5216353250188266
-0.4427756037812076 -0.4808148973706306 -0.7568135828344104
-0.4666506486443567 -0.5870738206705025 -0.6614994340157363
-0.4791718608968838 -0.6794339789517023 -0.5556651833347807
-0.4808148973706309 -0.7568135828344102 -0.4427756037812075
-0.472438365165485 -0.8187801199129807 -0.3261918244761029
-0.5216353250188266 -0.3684388364251087 -0.7695124505205977
-0.5556651833347804 -0.4791718608968837 -0.6794339789517023
-0.5773502691896258 -0.5773502691896257 -0.5773502691896258
-0.5870738206705026 -0.6614994340157363 -0.4666506486443568
-0.5856145117438927 -0.7307904935356808 -0.3507148388546433
-0.5740663361950036 -0.7850510051382474 -0.232685970739691
-0.5536937740428934 -0.824717924164403 -0.1151674873742373
-0.6305690282756705 -0.3647521781693157 -0.6850828775412625
-0.6614994340157363 -0.4666506486443568 -0.5870738206705026
-0.6794339789517024 -0.5556651833347805 -0.4791718608968838
-0.6850828775412625 -0.6305690282756705 -0.3647521781693158
-0.679511460273158 -0.6908019089807993 -0.2470969403006112
-0.6908019089807992 -0.2470969403006112 -0.679511460273158
-0.7307904935356809 -0.3507148388546433 -0.5856145117438926
-0.7568135828344104 -0.4427756037812074 -0.4808148973706308
-0.7695124505205977 -0.5216353250188267 -0.3684388364251086
-0.7850510051382474 -0.232685970739691 -0.5740663361950037
-0.8187801199129807 -0.3261918244761029 -0.4724383651654848
-0.824717924164403 -0.1151674873742374 -0.5536937740428934
6.114939935520222e-17 0.6248711956390964 -0.7807278583863688
1.399450011957344e-16 0.7178741748173961 -0.696172873020949
-0.1279782109321815 0.7531308837195478 -0.6453026030587594
0.1279782109321816 0.7531308837195477 -0.6453026030587594
9.948372514879763e-17 0.8023682025150043 -0.5968293454521495
-0.1262445545587398 0.8324886955085652 -0.5394672226323974
-0.247877125501771 0.8440236856130597 -0.4755848491879511
0.12624455455874 0.8324886955085653 -0.5394672226323974
6.248212460659776e-17 0.8754797824049 -0.4832547471057771
-0.1237687956169218 0.8990851530006165 -0.4199132921037328
-0.242307273760055 0.9042194008017131 -0.3516737981379345
-0.3533196357970552 0.8923995433593706 -0.280692518554063
0.2478771255017712 0.8440236856130597 -0.4755848491879511
0.123768795616922 0.8990851530006165 -0.4199132921037328
6.364750612184411e-17 0.9341723589627158 -0.35682208977309
-0.1204231720261458 0.9499053957501338 -0.2884059617343975
-0.2348996728892493 0.9475441843067925 -0.2167536907711117
-0.3413803654553126 0.9288588437606401 -0.1438078386223927
-0.4385262866686563 0.895895345760606 -0.07117742159620309
0.242307273760055 0.9042194008017131 -0.3516737981379344
0.1204231720261459 0.9499053957501338 -0.2884059617343976
1.735551361751556e-17 0.9755784754385133 -0.2196511740489141
-0.1160627192013151 0.9822428264136047 -0.1474058179673028
-0.2253414248648737 0.9714944275348621 -0.07361942344638985
0.3533196357970553 0.8923995433593706 -0.280692518554063
0.2348996728892493 0.9475441843067925 -0.2167536907711117
0.1160627192013152 0.9822428264136047 -0.1474058179673028
5.782966091237955e-18 0.9972201742067777 -0.07451123509246214
0.3413803654553128 0.9288588437606401 -0.1438078386223926
0.2253414248648738 0.9714944275348621 -0.07361942344638985
0.4385262866686563 0.895895345760606 -0.07117742159620298
6.114939935520222e-17 -0.6248711956390964 0.7807278583863688
1.399450011957344e-16 -0.7178741748173961 0.696172873020949
-0.1279782109321815 -0.7531308837195478 0.6453026030587594
0.1279782109321816 -0.7531308837195477 0.6453026030587594
9.948372514879763e-17 -0.8023682025150043 0.5968293454521495
-0.1262445545587398 -0.8324886955085652 0.5394672226323974
-0.247877125501771 -0.8440236856130597 0.4755848491879511
0.12624455455874 -0.8324886955085653 0.5394672226323974
6.248212460659776e-17 -0.8754797824049 0.4832547471057771
-0.1237687956169218 -0.8990851530006165 0.4199132921037328
-0.242307273760055 -0.9042194008017131 0.3516737981379345
-0.3533196357970552 -0.8923995433593706 0.280692518554063
0.2478771255017712 -0.8440236856130597 0.4755848491879511
0.123768795616922 -0.8990851530006165 0.4199132921037328
6.364750612184411e-17 -0.9341723589627158 0.35682208977309
-0.1204231720261458 -0.9499053957501338 0.2884059617343975
-0.2348996728892493 -0.9475441843067925 0.2167536907711117
-0.3413803654553126 -0.9288588437606401 0.1438078386223927
-0.4385262866686563 -0.895895345760606 0.07117742159620309
0.242307273760055 -0.9042194008017131 0.3516737981379344
0.1204231720261459 -0.9499053957501338 0.2884059617343976
1.735551361751556e-17 -0.9755784754385133 0.2196511740489141
-0.1160627192013151 -0.9822428264136047 0.1474058179673028
-0.2253414248648737 -0.9714944275348621 0.07361942344638985
0.3533196357970553 -0.8923995433593706 0.280692518554063
0.2348996728892493 -0.9475441843067925 0.2167536907711117
0.1160627192013152 -0.9822428264136047 0.1474058179673028
5.782966091237955e-18 -0.9972201742067777 0.07451123509246214
0.3413803654553128 -0.9288588437606401 0.1438078386223926
0.2253414248648738 -0.9714944275348621 0.07361942344638985
0.4385262866686563 -0.895895345760606 0.07117742159620298
0.1151674873742373 -0.5536937740428934 -0.824717924164403
0.2326859707396911 -0.5740663361950036 -0.7850510051382474
0.3261918244761029 -0.4724383651654849 -0.8187801199129807
0.2470969403006112 -0.679511460273158 -0.6908019089807992
0.3507148388546433 -0.5856145117438925 -0.7307904935356808
0.4427756037812076 -0.4808148973706309 -0.7568135828344102
0.5216353250188266 -0.3684388364251087 -0.7695124505205977
0.3647521781693158 -0.6850828775412625 -0.6305690282756704
0.4666506486443568 -0.5870738206705026 -0.6614994340157363
0.5556651833347805 -0.4791718608968838 -0.6794339789517023
0.6305690282756706 -0.3647521781693156 -0.6850828775412623
0.6908019089807992 -0.2470969403006112 -0.679511460273158
0.3684388364251088 -0.7695124505205977 -0.5216353250188266
0.4791718608968838 -0.6794339789517023 -0.5556651833347804
0.577350269189626 -0.5773502691896257 -0.5773502691896257
0.6614994340157363 -0.4666506486443568 -0.5870738206705026
0.7307904935356809 -0.3507148388546432 -0.5856145117438923
0.7850510051382474 -0.2326859707396911 -0.5740663361950036
0.8247179241644031 -0.1151674873742373 -0.5536937740428934
0.480814897370631 -0.7568135828344102 -0.4427756037812073
0.5870738206705025 -0.6614994340157363 -0.4666506486443567
0.6794339789517024 -0.5556651833347805 -0.4791718608968838
0.7568135828344104 -0.4427756037812074 -0.4808148973706308
0.8187801199129807 -0.3261918244761029 -0.4724383651654848
0.4724383651654849 -0.8187801199129807 -0.3261918244761028
0.5856145117438927 -0.7307904935356808 -0.3507148388546432
0.6850828775412625 -0.6305690282756704 -0.3647521781693156
0.7695124505205977 -0.5216353250188268 -0.3684388364251086
0.5740663361950038 -0.7850510051382474 -0.232685970739691
0.679511460273158 -0.6908019089807993 -0.2470969403006112
0.5536937740428934 -0.824717924164403 -0.1151674873742372
-6.114939935520222e-17 0.6248711956390964 0.7807278583863688
-1.399450011957344e-16 0.7178741748173961 0.696172873020949
0.1279782109321815 0.7531308837195478 0.6453026030587594
-0.1279782109321816 0.7531308837195477 0.6453026030587594
-9.948372514879763e-17 0.8023682025150043 0.5968293454521495
0.1262445545587398 0.8324886955085652 0.5394672226323974
0.247877125501771 0.8440236856130597 0.4755848491879511
-0.12624455455874 0.8324886955085653 0.5394672226323974
-6.248212460659776e-17 0.8754797824049 0.4832547471057771
0.1237687956169218 0.8990851530006165 0.4199132921037328
0.242307273760055 0.9042194008017131 0.3516737981379345
0.3533196357970552 0.8923995433593706 0.280692518554063
-0.2478771255017712 0.8440236856130597 0.4755848491879511
-0.123768795616922 0.8990851530006165 0.4199132921037328
-6.364750612184411e-17 0.9341723589627158 0.35682208977309
0.1204231720261458 0.9499053957501338 0.2884059617343975
0.2348996728892493 0.9475441843067925 0.2167536907711117
0.3413803654553126 0.9288588437606401 0.1438078386223927
0.4385262866686563 0.895895345760606 0.07117742159620309
-0.242307273760055 0.9042194008017131 0.3516737981379344
-0.1204231720261459 0.9499053957501338 0.2884059617343976
-1.735551361751556e-17 0.9755784754385133 0.2196511740489141
0.1160627192013151 0.9822428264136047 0.1474058179673028
0.2253414248648737 0.9714944275348621 0.07361942344638985
-0.3533196357970553 0.8923995433593706 0.280692518554063
-0.2348996728892493 0.9475441843067925 0.2167536907711117
-0.1160627192013152 0.9822428264136047 0.1474058179673028
-5.782966091237955e-18 0.9972201742067777 0.07451123509246214
-0.3413803654553128 0.9288588437606401 0.1438078386223926
-0.2253414248648738 0.9714944275348621 0.07361942344638985
-0.4385262866686563 0.895895345760606 0.07117742159620298
-0.1151674873742373 -0.5536937740428934 0.824717924164403
-0.2326859707396911 -0.5740663361950036 0.7850510051382474
-0.3261918244761029 -0.4724383651654849 0.8187801199129807
-0.2470969403006112 -0.679511460273158 0.6908019089807992
-0.3507148388546433 -0.5856145117438925 0.7307904935356808
-0.4427756037812076 -0.4808148973706309 0.7568135828344102
-0.5216353250188266 -0.3684388364251087 0.7695124505205977
-0.3647521781693158 -0.6850828775412625 0.6305690282756704
-0.4666506486443568 -0.5870738206705026 0.6614994340157363
-0.5556651833347805 -0.4791718608968838 0.6794339789517023
-0.6305690282756706 -0.3647521781693156 0.6850828775412623
-0.6908019089807992 -0.2470969403006112 0.679511460273158
-0.3684388364251088 -0.7695124505205977 0.5216353250188266
-0.4791718608968838 -0.6794339789517023 0.5556651833347804
-0.577350269189626 -0.5773502691896257 0.5773502691896257
-0.6614994340157363 -0.4666506486443568 0.5870738206705026
-0.7307904935356809 -0.3507148388546432 0.5856145117438923
-0.7850510051382474 -0.2326859707396911 0.5740663361950036
-0.8247179241644031 -0.1151674873742373 0.5536937740428934
-0.480814897370631 -0.7568135828344102 0.4427756037812073
-0.5870738206705025 -0.6614994340157363 0.4666506486443567
-0.6794339789517024 -0.5556651833347805 0.4791718608968838
-0.7568135828344104 -0.4427756037812074 0.4808148973706308
-0.8187801199129807 -0.3261918244761029 0.4724383651654848
-0.4724383651654849 -0.8187801199129807 0.3261918244761028
-0.5856145117438927 -0.7307904935356808 0.3507148388546432
-0.6850828775412625 -0.6305690282756704 0.3647521781693156
-0.7695124505205977 -0.5216353250188268 0.3684388364251086
-0.5740663361950038 -0.7850510051382474 0.232685970739691
-0.679511460273158 -0.6908019089807993 0.2470969403006112
-0.5536937740428934 -0.824717924164403 0.1151674873742372
-6.114939935520222e-17 -0.6248711956390964 -0.7807278583863688
-1.399450011957344e-16 -0.7178741748173961 -0.696172873020949
0.1279782109321815 -0.7531308837195478 -0.6453026030587594
-0.1279782109321816 -0.7531308837195477 -0.6453026030587594
-9.948372514879763e-17 -0.8023682025150043 -0.5968293454521495
0.1262445545587398 -0.8324886955085652 -0.5394672226323974
0.247877125501771 -0.8440236856130597 -0.4755848491879511
-0.12624455455874 -0.8324886955085653 -0.5394672226323974
-6.248212460659776e-17 -0.8754797824049 -0.4832547471057771
0.1237687956169218 -0.8990851530006165 -0.4199132921037328
0.242307273760055 -0.9042194008017131 -0.3516737981379345
0.3533196357970552 -0.8923995433593706 -0.280692518554063
-0.2478771255017712 -0.8440236856130597 -0.4755848491879511
-0.123768795616922 -0.8990851530006165 -0.4199132921037328
-6.364750612184411e-17 -0.9341723589627158 -0.35682208977309
0.1204231720261458 -0.9499053957501338 -0.2884059617343975
0.2348996728892493 -0.9475441843067925 -0.2167536907711117
0.3413803654553126 -0.9288588437606401 -0.1438078386223927
0.4385262866686563 -0.895895345760606 -0.07117742159620309
-0.242307273760055 -0.9042194008017131 -0.3516737981379344
-0.1204231720261459 -0.9499053957501338 -0.2884059617343976
-1.735551361751556e-17 -0.9755784754385133 -0.2196511740489141
0.1160627192013151 -0.9822428264136047 -0.1474058179673028
0.2253414248648737 -0.9714944275348621 -0.07361942344638985
-0.3533196357970553 -0.8923995433593706 -0.280692518554063
-0.2348996728892493 -0.9475441843067925 -0.2167536907711117
-0.1160627192013152 -0.9822428264136047 -0.1474058179673028
-5.782966091237955e-18 -0.9972201742067777 -0.07451123509246214
-0.3413803654553128 -0.9288588437606401 -0.1438078386223926
-0.2253414248648738 -0.9714944275348621 -0.07361942344638985
-0.4385262866686563 -0.895895345760606 -0.07117742159620298
0.07117742159620315 0.4385262866686563 0.895895345760606
0.1438078386223927 0.3413803654553126 0.9288588437606401
0.07361942344638994 0.2253414248648737 0.9714944275348621
0.2806925185540632 0.3533196357970553 0.8923995433593706
0.2167536907711118 0.2348996728892493 0.9475441843067925
0.1474058179673029 0.1160627192013152 0.9822428264136047
0.07451123509246226 0 0.9972201742067777
0.3516737981379345 0.242307273760055 0.9042194008017131
0.2884059617343976 0.1204231720261458 0.9499053957501338
0.2196511740489142 -1.851254785868326e-17 0.9755784754385132
0.1474058179673029 -0.1160627192013151 0.9822428264136047
0.07361942344639 -0.2253414248648738 0.9714944275348621
0.4755848491879511 0.247877125501771 0.8440236856130597
0.4199132921037328 0.1237687956169219 0.8990851530006165
0.3568220897730901 -1.504395599243588e-17 0.9341723589627158
0.2884059617343976 -0.1204231720261459 0.9499053957501338
0.2167536907711118 -0.2348996728892493 0.9475441843067925
0.1438078386223927 -0.3413803654553126 0.9288588437606401
0.07117742159620311 -0.4385262866686563 0.895895345760606
0.5394672226323974 0.1262445545587399 0.8324886955085653
0.4832547471057771 -5.091136079056115e-17 0.8754797824049002
0.4199132921037327 -0.1237687956169219 0.8990851530006165
0.3516737981379345 -0.242307273760055 0.9042194008017131
0.2806925185540631 -0.3533196357970553 0.8923995433593706
0.6453026030587593 0.1279782109321816 0.7531308837195479
0.5968293454521495 0 0.8023682025150043
0.5394672226323974 -0.1262445545587398 0.8324886955085653
0.4755848491879511 -0.247877125501771 0.8440236856130597
0.696172873020949 2.60228308008597e-17 0.7178741748173962
0.6453026030587594 -0.1279782109321816 0.7531308837195479
0.7807278583863688 0 0.6248711956390965
0.1151674873742373 0.5536937740428934 0.824717924164403
0.2326859707396911 0.5740663361950036 0.7850510051382474
0.3261918244761029 0.4724383651654849 0.8187801199129807
0.2470969403006112 0.679511460273158 0.6908019089807992
0.3507148388546433 0.5856145117438925 0.7307904935356808
0.4427756037812076 0.4808148973706309 0.7568135828344102
0.5216353250188266 0.3684388364251087 0.7695124505205977
0.3647521781693158 0.6850828775412625 0.6305690282756704
0.4666506486443568 0.5870738206705026 0.6614994340157363
0.5556651833347805 0.4791718608968838 0.6794339789517023
0.6305690282756706 0.3647521781693156 0.6850828775412623
0.6908019089807992 0.2470969403006112 0.679511460273158
0.3684388364251088 0.7695124505205977 0.5216353250188266
0.4791718608968838 0.6794339789517023 0.5556651833347804
0.577350269189626 0.5773502691896257 0.5773502691896257
0.6614994340157363 0.4666506486443568 0.5870738206705026
0.7307904935356809 0.3507148388546432 0.5856145117438923
0.7850510051382474 0.2326859707396911 0.5740663361950036
0.8247179241644031 0.1151674873742373 0.5536937740428934
0.480814897370631 0.7568135828344102 0.4427756037812073
0.5870738206705025 0.6614994340157363 0.4666506486443567
0.6794339789517024 0.5556651833347805 0.4791718608968838
0.7568135828344104 0.4427756037812074 0.4808148973706308
0.8187801199129807 0.3261918244761029 0.4724383651654848
0.4724383651654849 0.8187801199129807 0.3261918244761028
0.5856145117438927 0.7307904935356808 0.3507148388546432
0.6850828775412625 0.6305690282756704 0.3647521781693156
0.7695124505205977 0.5216353250188268 0.3684388364251086
0.5740663361950038 0.7850510051382474 0.232685970739691
0.679511460273158 0.6908019089807993 0.2470969403006112
0.5536937740428934 0.824717924164403 0.1151674873742372
0.6248711956390965 -0.7807278583863688 0
0.7178741748173962 -0.696172873020949 -2.60228308008597e-17
0.7531308837195479 -0.6453026030587594 -0.1279782109321816
0.7531308837195479 -0.6453026030587594 0.1279782109321816
0.8023682025150043 -0.5968293454521494 0
0.8324886955085653 -0.5394672226323974 -0.1262445545587399
0.8440236856130597 -0.4755848491879511 -0.247877125501771
0.8324886955085653 -0.5394672226323974 0.1262445545587398
0.8754797824049002 -0.4832547471057771 5.091136079056115e-17
0.8990851530006165 -0.4199132921037328 -0.1237687956169219
0.9042194008017131 -0.3516737981379345 -0.242307273760055
0.8923995433593706 -0.2806925185540631 -0.3533196357970553
0.8440236856130597 -0.4755848491879512 0.2478771255017711
0.8990851530006165 -0.4199132921037327 0.1237687956169219
0.9341723589627158 -0.3568220897730901 1.504395599243588e-17
0.9499053957501338 -0.2884059617343976 -0.1204231720261458
0.9475441843067925 -0.2167536907711118 -0.2348996728892493
0.9288588437606401 -0.1438078386223927 -0.3413803654553126
0.895895345760606 -0.07117742159620315 -0.4385262866686563
0.9042194008017131 -0.3516737981379345 0.2423072737600549
0.9499053957501338 -0.2884059617343977 0.1204231720261459
0.9755784754385132 -0.2196511740489142 8.099239688173924e-18
0.9822428264136047 -0.1474058179673029 -0.1160627192013151
0.9714944275348621 -0.07361942344638994 -0.2253414248648737
0.8923995433593706 -0.2806925185540632 0.3533196357970553
0.9475441843067925 -0.2167536907711118 0.2348996728892493
0.9822428264136047 -0.1474058179673029 0.1160627192013151
0.9972201742067777 -0.07451123509246226 0
0.9288588437606401 -0.1438078386223927 0.3413803654553126
0.9714944275348621 -0.07361942344639 0.2253414248648738
0.895895345760606 -0.07117742159620311 0.4385262866686563
0.1151674873742373 0.5536937740428932 -0.8247179241644033
0.232685970739691 0.5740663361950036 -0.7850510051382474
0.2470969403006112 0.6795114602731579 -0.6908019089807994
0.3261918244761028 0.4724383651654848 -0.8187801199129807
0.3507148388546432 0.5856145117438923 -0.7307904935356809
0.3647521781693158 0.6850828775412625 -0.6305690282756705
0.3684388364251087 0.7695124505205977 -0.5216353250188266
0.4427756037812076 0.4808148973706306 -0.7568135828344104
0.4666506486443567 0.5870738206705025 -0.6614994340157363
0.4791718608968838 0.6794339789517023 -0.5556651833347807
0.4808148973706309 0.7568135828344102 -0.4427756037812075
0.472438365165485 0.8187801199129807 -0.3261918244761029
0.5216353250188266 0.3684388364251087 -0.7695124505205977
0.5556651833347804 0.4791718608968837 -0.6794339789517023
0.5773502691896258 0.5773502691896257 -0.5773502691896258
0.5870738206705026 0.6614994340157363 -0.4666506486443568
0.5856145117438927 0.7307904935356808 -0.3507148388546433
0.5740663361950036 0.7850510051382474 -0.232685970739691
0.5536937740428934 0.824717924164403 -0.1151674873742373
0.6305690282756705 0.3647521781693157 -0.6850828775412625
0.6614994340157363 0.4666506486443568 -0.5870738206705026
0.6794339789517024 0.5556651833347805 -0.4791718608968838
0.6850828775412625 0.6305690282756705 -0.3647521781693158
0.679511460273158 0.6908019089807993 -0.2470969403006112
0.6908019089807992 0.2470969403006112 -0.679511460273158
0.7307904935356809 0.3507148388546433 -0.5856145117438926
0.7568135828344104 0.4427756037812074 -0.4808148973706308
0.7695124505205977 0.5216353250188267 -0.3684388364251086
0.7850510051382474 0.232685970739691 -0.5740663361950037
0.8187801199129807 0.3261918244761029 -0.4724383651654848
0.824717924164403 0.1151674873742374 -0.5536937740428934
0.07117742159620311 0.4385262866686563 -0.895895345760606
0.1438078386223927 0.3413803654553126 -0.9288588437606401
0.2806925185540632 0.3533196357970553 -0.8923995433593706
0.07361942344639 0.2253414248648738 -0.9714944275348621
0.2167536907711118 0.2348996728892493 -0.9475441843067925
0.3516737981379345 0.2423072737600549 -0.9042194008017131
0.4755848491879511 0.247877125501771 -0.8440236856130597
0.1474058179673029 0.1160627192013151 -0.9822428264136047
0.2884059617343976 0.1204231720261459 -0.9499053957501338
0.4199132921037328 0.1237687956169219 -0.8990851530006165
0.5394672226323974 0.1262445545587398 -0.8324886955085653
0.6453026030587594 0.1279782109321816 -0.7531308837195478
0.07451123509246226 0 -0.9972201742067777
0.2196511740489142 1.794760839104022e-17 -0.9755784754385132
0.3568220897730901 1.54765558606782e-17 -0.9341723589627158
0.4832547471057771 5.145996381929267e-17 -0.8754797824049002
0.5968293454521495 0 -0.8023682025150043
0.696172873020949 -2.631095703996643e-17 -0.7178741748173962
0.7807278583863688 0 -0.6248711956390964
0.1474058179673029 -0.1160627192013152 -0.9822428264136047
0.2884059617343976 -0.1204231720261458 -0.9499053957501338
0.4199132921037328 -0.1237687956169219 -0.8990851530006165
0.5394672226323974 -0.1262445545587398 -0.8324886955085652
0.6453026030587594 -0.1279782109321816 -0.7531308837195479
0.07361942344638994 -0.2253414248648737 -0.9714944275348621
0.2167536907711118 -0.2348996728892493 -0.9475441843067925
0.3516737981379345 -0.242307273760055 -0.9042194008017131
0.4755848491879511 -0.247877125501771 -0.8440236856130597
0.1438078386223927 -0.3413803654553126 -0.9288588437606401
0.2806925185540632 -0.3533196357970553 -0.8923995433593706
0.07117742159620315 -0.4385262866686563 -0.895895345760606
0.6248711956390965 0.7807278583863688 0
0.7178741748173962 0.696172873020949 2.60228308008597e-17
0.7531308837195479 0.6453026030587594 0.1279782109321816
0.7531308837195479 0.6453026030587594 -0.1279782109321816
0.8023682025150043 0.5968293454521494 0
0.8324886955085653 0.5394672226323974 0.1262445545587399
0.8440236856130597 0.4755848491879511 0.247877125501771
0.8324886955085653 0.5394672226323974 -0.1262445545587398
0.8754797824049002 0.4832547471057771 -5.091136079056115e-17
0.8990851530006165 0.4199132921037328 0.1237687956169219
0.9042194008017131 0.3516737981379345 0.242307273760055
0.8923995433593706 0.2806925185540631 0.3533196357970553
0.8440236856130597 0.4755848491879512 -0.2478771255017711
0.8990851530006165 0.4199132921037327 -0.1237687956169219
0.9341723589627158 0.3568220897730901 -1.504395599243588e-17
0.9499053957501338 0.2884059617343976 0.1204231720261458
0.9475441843067925 0.2167536907711118 0.2348996728892493
0.9288588437606401 0.1438078386223927 0.3413803654553126
0.895895345760606 0.07117742159620315 0.4385262866686563
0.9042194008017131 0.3516737981379345 -0.2423072737600549
0.9499053957501338 0.2884059617343977 -0.1204231720261459
0.9755784754385132 0.2196511740489142 -8.099239688173924e-18
0.9822428264136047 0.1474058179673029 0.1160627192013151
0.9714944275348621 0.07361942344638994 0.2253414248648737
0.8923995433593706 0.2806925185540632 -0.3533196357970553
0.9475441843067925 0.2167536907711118 -0.2348996728892493
0.9822428264136047 0.1474058179673029 -0.1160627192013151
0.9972201742067777 0.07451123509246226 0
0.9288588437606401 0.1438078386223927 -0.3413803654553126
0.9714944275348621 0.07361942344639 -0.2253414248648738
0.895895345760606 0.07117742159620311 -0.4385262866686563
-0.1151674873742373 0.5536937740428932 0.8247179241644033
-0.232685970739691 0.5740663361950036 0.7850510051382474
-0.2470969403006112 0.6795114602731579 0.6908019089807994
-0.3261918244761028 0.4724383651654848 0.8187801199129807
-0.3507148388546432 0.5856145117438923 0.7307904935356809
-0.3647521781693158 0.6850828775412625 0.6305690282756705
-0.3684388364251087 0.7695124505205977 0.5216353250188266
-0.4427756037812076 0.4808148973706306 0.7568135828344104
-0.4666506486443567 0.5870738206705025 0.6614994340157363
-0.4791718608968838 0.6794339789517023 0.5556651833347807
-0.4808148973706309 0.7568135828344102 0.4427756037812075
-0.472438365165485 0.8187801199129807 0.3261918244761029
-0.5216353250188266 0.3684388364251087 0.7695124505205977
-0.5556651833347804 0.4791718608968837 0.6794339789517023
-0.5773502691896258 0.5773502691896257 0.5773502691896258
-0.5870738206705026 0.6614994340157363 0.4666506486443568
-0.5856145117438927 0.7307904935356808 0.3507148388546433
-0.5740663361950036 0.7850510051382474 0.232685970739691
-0.5536937740428934 0.824717924164403 0.1151674873742373
-0.6305690282756705 0.3647521781693157 0.6850828775412625
-0.6614994340157363 0.4666506486443568 0.5870738206705026
-0.6794339789517024 0.5556651833347805 0.4791718608968838
-0.6850828775412625 0.6305690282756705 0.3647521781693158
-0.679511460273158 0.6908019089807993 0.2470969403006112
-0.6908019089807992 0.2470969403006112 0.679511460273158
-0.7307904935356809 0.3507148388546433 0.5856145117438926
-0.7568135828344104 0.4427756037812074 0.4808148973706308
-0.7695124505205977 0.5216353250188267 0.3684388364251086
-0.7850510051382474 0.232685970739691 0.5740663361950037
-0.8187801199129807 0.3261918244761029 0.4724383651654848
-0.824717924164403 0.1151674873742374 0.5536937740428934
-0.6248711956390965 0.7807278583863688 0
-0.7178741748173962 0.696172873020949 -2.60228308008597e-17
-0.7531308837195479 0.6453026030587594 -0.1279782109321816
-0.7531308837195479 0.6453026030587594 0.1279782109321816
-0.8023682025150043 0.5968293454521494 0
-0.8324886955085653 0.5394672226323974 -0.1262445545587399
-0.8440236856130597 0.4755848491879511 -0.247877125501771
-0.8324886955085653 0.5394672226323974 0.1262445545587398
-0.8754797824049002 0.4832547471057771 5.091136079056115e-17
-0.8990851530006165 0.4199132921037328 -0.1237687956169219
-0.9042194008017131 0.3516737981379345 -0.242307273760055
-0.8923995433593706 0.2806925185540631 -0.3533196357970553
-0.8440236856130597 0.4755848491879512 0.2478771255017711
-0.8990851530006165 0.4199132921037327 0.1237687956169219
-0.9341723589627158 0.3568220897730901 1.504395599243588e-17
-0.9499053957501338 0.2884059617343976 -0.1204231720261458
-0.9475441843067925 0.2167536907711118 -0.2348996728892493
-0.9288588437606401 0.1438078386223927 -0.3413803654553126
-0.895895345760606 0.07117742159620315 -0.4385262866686563
-0.9042194008017131 0.3516737981379345 0.2423072737600549
-0.9499053957501338 0.2884059617343977 0.1204231720261459
-0.9755784754385132 0.2196511740489142 8.099239688173924e-18
-0.9822428264136047 0.1474058179673029 -0.1160627192013151
-0.9714944275348621 0.07361942344638994 -0.2253414248648737
-0.8923995433593706 0.2806925185540632 0.3533196357970553
-0.9475441843067925 0.2167536907711118 0.2348996728892493
-0.9822428264136047 0.1474058179673029 0.1160627192013151
-0.9972201742067777 0.07451123509246226 0
-0.9288588437606401 0.1438078386223927 0.3413803654553126
-0.9714944275348621 0.07361942344639 0.2253414248648738
-0.895895345760606 0.07117742159620311 0.4385262866686563
-0.1151674873742373 0.5536937740428934 -0.824717924164403
-0.2326859707396911 0.5740663361950036 -0.7850510051382474
-0.3261918244761029 0.4724383651654849 -0.8187801199129807
-0.2470969403006112 0.679511460273158 -0.6908019089807992
-0.3507148388546433 0.5856145117438925 -0.7307904935356808
-0.4427756037812076 0.4808148973706309 -0.7568135828344102
-0.5216353250188266 0.3684388364251087 -0.7695124505205977
-0.3647521781693158 0.6850828775412625 -0.6305690282756704
-0.4666506486443568 0.5870738206705026 -0.6614994340157363
-0.5556651833347805 0.4791718608968838 -0.6794339789517023
-0.6305690282756706 0.3647521781693156 -0.6850828775412623
-0.6908019089807992 0.2470969403006112 -0.679511460273158
-0.3684388364251088 0.7695124505205977 -0.5216353250188266
-0.4791718608968838 0.6794339789517023 -0.5556651833347804
-0.577350269189626 0.5773502691896257 -0.5773502691896257
-0.6614994340157363 0.4666506486443568 -0.5870738206705026
-0.7307904935356809 0.3507148388546432 -0.5856145117438923
-0.7850510051382474 0.2326859707396911 -0.5740663361950036
-0.8247179241644031 0.1151674873742373 -0.5536937740428934
-0.480814897370631 0.7568135828344102 -0.4427756037812073
-0.5870738206705025 0.6614994340157363 -0.4666506486443567
-0.6794339789517024 0.5556651833347805 -0.4791718608968838
-0.7568135828344104 0.4427756037812074 -0.4808148973706308
-0.8187801199129807 0.3261918244761029 -0.4724383651654848
-0.4724383651654849 0.8187801199129807 -0.3261918244761028
-0.5856145117438927 0.7307904935356808 -0.3507148388546432
-0.6850828775412625 0.6305690282756704 -0.3647521781693156
-0.7695124505205977 0.5216353250188268 -0.3684388364251086
-0.5740663361950038 0.7850510051382474 -0.232685970739691
-0.679511460273158 0.6908019089807993 -0.2470969403006112
-0.5536937740428934 0.824717924164403 -0.1151674873742372
-0.6248711956390965 -0.7807278583863688 0
-0.7178741748173962 -0.696172873020949 2.60228308008597e-17
-0.7531308837195479 -0.6453026030587594 0.1279782109321816
-0.7531308837195479 -0.6453026030587594 -0.1279782109321816
-0.8023682025150043 -0.5968293454521494 0
-0.8324886955085653 -0.5394672226323974 0.1262445545587399
-0.8440236856130597 -0.4755848491879511 0.247877125501771
-0.8324886955085653 -0.5394672226323974 -0.1262445545587398
-0.8754797824049002 -0.4832547471057771 -5.091136079056115e-17
-0.8990851530006165 -0.4199132921037328 0.1237687956169219
-0.9042194008017131 -0.3516737981379345 0.242307273760055
-0.8923995433593706 -0.2806925185540631 0.3533196357970553
-0.8440236856130597 -0.4755848491879512 -0.2478771255017711
-0.8990851530006165 -0.4199132921037327 -0.1237687956169219
-0.9341723589627158 -0.3568220897730901 -1.504395599243588e-17
-0.9499053957501338 -0.2884059617343976 0.1204231720261458
-0.9475441843067925 -0.2167536907711118 0.2348996728892493
-0.9288588437606401 -0.1438078386223927 0.3413803654553126
-0.895895345760606 -0.07117742159620315 0.4385262866686563
-0.9042194008017131 -0.3516737981379345 -0.2423072737600549
-0.9499053957501338 -0.2884059617343977 -0.1204231720261459
-0.9755784754385132 -0.2196511740489142 -8.099239688173924e-18
-0.9822428264136047 -0.1474058179673029 0.1160627192013151
-0.9714944275348621 -0.07361942344638994 0.2253414248648737
-0.8923995433593706 -0.2806925185540632 -0.3533196357970553
-0.9475441843067925 -0.2167536907711118 -0.2348996728892493
-0.9822428264136047 -0.1474058179673029 -0.1160627192013151
-0.9972201742067777 -0.07451123509246226 0
-0.9288588437606401 -0.1438078386223927 -0.3413803654553126
-0.9714944275348621 -0.07361942344639 -0.2253414248648738
-0.895895345760606 -0.07117742159620311 -0.4385262866686563
