0 0.5257311121191336 0.85065080835204
0 0.5257311121191336 -0.85065080835204
0 -0.5257311121191336 0.85065080835204
0 -0.5257311121191336 -0.85065080835204
0.5257311121191336 0.85065080835204 0
0.5257311121191336 -0.85065080835204 0
-0.5257311121191336 0.85065080835204 0
-0.5257311121191336 -0.85065080835204 0
0.85065080835204 0 0.5257311121191336
0.85065080835204 0 -0.5257311121191336
-0.85065080835204 0 0.5257311121191336
-0.85065080835204 0 -0.5257311121191336
1.780574890275925e-16 0.2732665289126716 0.9619383577839173
1.740193921680561e-16 0 1
1.673959283246953e-16 -0.2732665289126716 0.9619383577839176
0.1606220356400233 0.6937804775604492 0.702046444776163
0.3090169943749475 0.8090169943749475 0.5
0.4338885645526949 0.8626684804161859 0.2598919130077544
-0.1606220356400231 0.693780477560449 0.7020464447761632
-0.3090169943749475 0.8090169943749472 0.5000000000000001
-0.4338885645526947 0.8626684804161862 0.2598919130077546
0.2598919130077546 0.4338885645526947 0.8626684804161862
0.5000000000000001 0.3090169943749475 0.8090169943749472
0.702046444776163 0.1606220356400232 0.6937804775604492
-0.2598919130077547 0.4338885645526945 0.8626684804161862
-0.5 0.3090169943749472 0.8090169943749472
-0.7020464447761632 0.1606220356400231 0.693780477560449
1.673959283246953e-16 0.2732665289126716 -0.9619383577839176
1.740193921680561e-16 0 -1
1.780574890275925e-16 -0.2732665289126717 -0.9619383577839173
0.1606220356400231 0.693780477560449 -0.7020464447761632
0.3090169943749475 0.8090169943749472 -0.5000000000000001
0.4338885645526947 0.8626684804161862 -0.2598919130077546
-0.1606220356400233 0.6937804775604492 -0.702046444776163
-0.3090169943749475 0.8090169943749475 -0.5
-0.4338885645526949 0.8626684804161859 -0.2598919130077544
0.2598919130077545 0.4338885645526946 -0.8626684804161862
0.5 0.3090169943749473 -0.8090169943749475
0.702046444776163 0.1606220356400231 -0.6937804775604492
-0.2598919130077546 0.4338885645526947 -0.8626684804161862
-0.5000000000000001 0.3090169943749475 -0.8090169943749472
-0.702046444776163 0.1606220356400232 -0.6937804775604492
0.1606220356400233 -0.6937804775604491 0.7020464447761631
0.3090169943749475 -0.8090169943749472 0.4999999999999999
0.4338885645526949 -0.8626684804161862 0.2598919130077544
-0.1606220356400233 -0.6937804775604492 0.702046444776163
-0.3090169943749475 -0.8090169943749475 0.5
-0.4338885645526949 -0.8626684804161859 0.2598919130077544
0.2598919130077545 -0.4338885645526947 0.8626684804161862
0.5 -0.3090169943749473 0.8090169943749475
0.702046444776163 -0.1606220356400231 0.6937804775604492
-0.2598919130077546 -0.4338885645526947 0.8626684804161862
-0.5000000000000001 -0.3090169943749475 0.8090169943749472
-0.702046444776163 -0.1606220356400232 0.6937804775604492
0.1606220356400231 -0.6937804775604491 -0.7020464447761631
0.3090169943749473 -0.8090169943749472 -0.5
0.4338885645526947 -0.8626684804161862 -0.2598919130077546
-0.1606220356400233 -0.6937804775604491 -0.7020464447761631
-0.3090169943749475 -0.8090169943749472 -0.4999999999999999
-0.4338885645526949 -0.8626684804161862 -0.2598919130077544
0.2598919130077546 -0.4338885645526946 -0.8626684804161862
0.5 -0.3090169943749473 -0.8090169943749475
0.7020464447761632 -0.1606220356400231 -0.6937804775604492
-0.2598919130077547 -0.4338885645526945 -0.8626684804161862
-0.5 -0.3090169943749472 -0.8090169943749472
-0.7020464447761632 -0.1606220356400231 -0.693780477560449
0.2732665289126717 0.9619383577839173 1.923586571567248e-17
-2.280759219278673e-49 1 4.593610960589066e-33
-0.2732665289126716 0.9619383577839176 -2.989742641856967e-17
0.6937804775604494 0.7020464447761631 0.1606220356400231
0.8090169943749475 0.5 0.3090169943749473
0.8626684804161862 0.2598919130077546 0.4338885645526946
0.6937804775604494 0.7020464447761631 -0.1606220356400232
0.8090169943749475 0.5 -0.3090169943749473
0.8626684804161862 0.2598919130077545 -0.4338885645526947
0.2732665289126717 -0.9619383577839173 -1.923586571567248e-17
-2.280759219278673e-49 -1 -4.593610960589066e-33
-0.2732665289126716 -0.9619383577839176 2.989742641856967e-17
0.6937804775604494 -0.7020464447761631 0.1606220356400232
0.8090169943749475 -0.5 0.3090169943749473
0.8626684804161862 -0.2598919130077545 0.4338885645526947
0.6937804775604494 -0.7020464447761631 -0.1606220356400231
0.8090169943749475 -0.5 -0.3090169943749473
0.8626684804161862 -0.2598919130077546 -0.4338885645526946
-0.6937804775604494 0.7020464447761631 0.1606220356400232
-0.8090169943749475 0.5 0.3090169943749473
-0.8626684804161862 0.2598919130077545 0.4338885645526947
-0.6937804775604494 0.7020464447761631 -0.1606220356400232
-0.8090169943749472 0.5 -0.3090169943749473
-0.8626684804161862 0.2598919130077546 -0.4338885645526947
-0.6937804775604494 -0.7020464447761631 0.1606220356400231
-0.8090169943749475 -0.5 0.3090169943749473
-0.8626684804161862 -0.2598919130077546 0.4338885645526946
-0.6937804775604494 -0.7020464447761631 -0.1606220356400232
-0.8090169943749475 -0.5 -0.3090169943749473
-0.8626684804161862 -0.2598919130077545 -0.4338885645526947
0.9619383577839173 1.780574890275925e-16 0.2732665289126716
1 1.740193921680561e-16 0
0.9619383577839173 1.673959283246953e-16 -0.2732665289126716
-0.9619383577839173 -1.780574890275925e-16 0.2732665289126716
-1 -1.740193921680561e-16 0
-0.9619383577839173 -1.673959283246953e-16 -0.2732665289126716
-0.08923455077435712 0.4151597015183851 -0.9053615947141033
-0.1803319730021166 0.2892410119114981 -0.9401170227910867
-0.09253262316249894 0.1424731826702294 -0.9854639038901843
-0.3488745728308855 0.3009012203077071 -0.8875499918592754
-0.270716491944467 0.1496907296325145 -0.9509496655719307
-0.1839911268618482 -3.817874219184399e-17 -0.982927904393861
-0.09253262316249891 -0.1424731826702294 -0.9854639038901843
-0.4346075671824227 0.1548894782576246 -0.8872009423309112
-0.3568220897730901 -1.504395599243588e-17 -0.9341723589627158
-0.270716491944467 -0.1496907296325145 -0.9509496655719308
-0.1803319730021166 -0.2892410119114981 -0.9401170227910867
-0.08923455077435713 -0.4151597015183851 -0.9053615947141033
-0.579401024876689 0.1584280376374776 -0.7994967224837012
-0.5129211802906464 -2.082612976014343e-17 -0.8584357068582658
-0.4346075671824228 -0.1548894782576247 -0.8872009423309112
-0.3488745728308855 -0.3009012203077071 -0.8875499918592754
-0.6483337612153338 0 -0.7613562464893675
-0.579401024876689 -0.1584280376374777 -0.7994967224837013
-0.7609770585903656 0 -0.6487787884164797
-0.08923455077435713 0.4151597015183851 0.9053615947141033
-0.1803319730021166 0.2892410119114981 0.9401170227910867
-0.3488745728308855 0.3009012203077071 0.8875499918592754
-0.09253262316249891 0.1424731826702294 0.9854639038901843
-0.270716491944467 0.1496907296325145 0.9509496655719308
-0.4346075671824226 0.1548894782576247 0.8872009423309112
-0.5794010248766889 0.1584280376374777 0.7994967224837013
-0.1839911268618482 3.868143530825062e-17 0.982927904393861
-0.3568220897730901 1.54765558606782e-17 0.9341723589627158
-0.5129211802906464 2.026764361088073e-17 0.8584357068582658
-0.6483337612153338 0 0.7613562464893675
-0.7609770585903656 0 0.6487787884164797
-0.09253262316249894 -0.1424731826702294 0.9854639038901843
-0.270716491944467 -0.1496907296325145 0.9509496655719307
-0.4346075671824228 -0.1548894782576246 0.8872009423309112
-0.579401024876689 -0.1584280376374776 0.7994967224837012
-0.1803319730021166 -0.2892410119114981 0.9401170227910867
-0.3488745728308855 -0.3009012203077071 0.8875499918592754
-0.08923455077435713 -0.4151597015183851 0.9053615947141033
0.1443845361237379 -0.5595442376421228 0.8161270439397463
0.2917832615757529 -0.5810242734872509 0.7597850497889703
0.3081489669825865 -0.7069640993212023 0.636589331059299
0.4060628790134955 -0.4506221496528157 0.7950173686967767
0.4380284852812845 -0.587719214913799 0.6802331736274642
0.4525933751484886 -0.7032098154690631 0.5483203372114385
0.4506221496528159 -0.7950173686967767 0.4060628790134954
0.5483203372114385 -0.4525933751484885 0.7032098154690632
0.5773502691896258 -0.5773502691896257 0.5773502691896258
0.587719214913799 -0.680233173627464 0.4380284852812845
0.5810242734872512 -0.7597850497889701 0.291783261575753
0.5595442376421229 -0.8161270439397463 0.1443845361237378
0.636589331059299 -0.3081489669825865 0.7069640993212023
0.680233173627464 -0.4380284852812844 0.5877192149137989
0.7032098154690632 -0.5483203372114385 0.4525933751484886
0.7069640993212024 -0.636589331059299 0.3081489669825864
0.7597850497889702 -0.2917832615757529 0.5810242734872511
0.7950173686967767 -0.4060628790134955 0.4506221496528159
0.8161270439397464 -0.1443845361237379 0.5595442376421228
-0.1443845361237379 -0.5595442376421228 -0.8161270439397463
-0.2917832615757529 -0.5810242734872509 -0.7597850497889703
-0.3081489669825865 -0.7069640993212023 -0.636589331059299
-0.4060628790134955 -0.4506221496528157 -0.7950173686967767
-0.4380284852812845 -0.587719214913799 -0.6802331736274642
-0.4525933751484886 -0.7032098154690631 -0.5483203372114385
-0.4506221496528159 -0.7950173686967767 -0.4060628790134954
-0.5483203372114385 -0.4525933751484885 -0.7032098154690632
-0.5773502691896258 -0.5773502691896257 -0.5773502691896258
-0.587719214913799 -0.680233173627464 -0.4380284852812845
-0.5810242734872512 -0.7597850497889701 -0.291783261575753
-0.5595442376421229 -0.8161270439397463 -0.1443845361237378
-0.636589331059299 -0.3081489669825865 -0.7069640993212023
-0.680233173627464 -0.4380284852812844 -0.5877192149137989
-0.7032098154690632 -0.5483203372114385 -0.4525933751484886
-0.7069640993212024 -0.636589331059299 -0.3081489669825864
-0.7597850497889702 -0.2917832615757529 -0.5810242734872511
-0.7950173686967767 -0.4060628790134955 -0.4506221496528159
-0.8161270439397464 -0.1443845361237379 -0.5595442376421228
1.99496137008763e-17 0.6487787884164797 -0.7609770585903657
9.9472925930544e-17 0.7613562464893675 -0.6483337612153339
-0.1584280376374776 0.7994967224837012 -0.579401024876689
0.1584280376374778 0.7994967224837012 -0.579401024876689
5.09083171914617e-17 0.8584357068582658 -0.5129211802906464
-0.1548894782576246 0.8872009423309113 -0.4346075671824226
-0.3009012203077072 0.8875499918592754 -0.3488745728308853
0.1548894782576248 0.8872009423309112 -0.4346075671824225
6.364750612184411e-17 0.9341723589627158 -0.35682208977309
-0.1496907296325145 0.9509496655719307 -0.2707164919444669
-0.2892410119114981 0.9401170227910867 -0.1803319730021165
-0.4151597015183852 0.9053615947141033 -0.08923455077435699
0.3009012203077072 0.8875499918592754 -0.3488745728308852
0.1496907296325145 0.9509496655719308 -0.2707164919444669
3.817874219184399e-17 0.9829279043938611 -0.1839911268618481
-0.1424731826702294 0.9854639038901843 -0.09253262316249883
0.2892410119114982 0.9401170227910867 -0.1803319730021165
0.1424731826702294 0.9854639038901843 -0.09253262316249877
0.4151597015183852 0.9053615947141033 -0.08923455077435695
1.99496137008763e-17 -0.6487787884164797 0.7609770585903657
9.9472925930544e-17 -0.7613562464893675 0.6483337612153339
-0.1584280376374776 -0.7994967224837012 0.579401024876689
0.1584280376374778 -0.7994967224837012 0.579401024876689
5.09083171914617e-17 -0.8584357068582658 0.5129211802906464
-0.1548894782576246 -0.8872009423309113 0.4346075671824226
-0.3009012203077072 -0.8875499918592754 0.3488745728308853
0.1548894782576248 -0.8872009423309112 0.4346075671824225
6.364750612184411e-17 -0.9341723589627158 0.35682208977309
-0.1496907296325145 -0.9509496655719307 0.2707164919444669
-0.2892410119114981 -0.9401170227910867 0.1803319730021165
-0.4151597015183852 -0.9053615947141033 0.08923455077435699
0.3009012203077072 -0.8875499918592754 0.3488745728308852
0.1496907296325145 -0.9509496655719308 0.2707164919444669
3.817874219184399e-17 -0.9829279043938611 0.1839911268618481
-0.1424731826702294 -0.9854639038901843 0.09253262316249883
0.2892410119114982 -0.9401170227910867 0.1803319730021165
0.1424731826702294 -0.9854639038901843 0.09253262316249877
0.4151597015183852 -0.9053615947141033 0.08923455077435695
0.1443845361237379 -0.5595442376421227 -0.8161270439397463
0.291783261575753 -0.5810242734872511 -0.7597850497889702
0.4060628790134955 -0.4506221496528158 -0.7950173686967767
0.3081489669825866 -0.7069640993212024 -0.636589331059299
0.4380284852812846 -0.587719214913799 -0.680233173627464
0.5483203372114387 -0.4525933751484886 -0.7032098154690631
0.6365893310592992 -0.3081489669825865 -0.7069640993212023
0.4525933751484886 -0.7032098154690632 -0.5483203372114385
0.577350269189626 -0.5773502691896257 -0.5773502691896257
0.680233173627464 -0.4380284852812846 -0.587719214913799
0.7597850497889703 -0.291783261575753 -0.5810242734872509
0.8161270439397464 -0.1443845361237379 -0.5595442376421228
0.4506221496528159 -0.7950173686967769 -0.4060628790134953
0.587719214913799 -0.6802331736274639 -0.4380284852812844
0.7032098154690632 -0.5483203372114385 -0.4525933751484885
0.7950173686967767 -0.4060628790134954 -0.4506221496528157
0.5810242734872511 -0.7597850497889702 -0.2917832615757529
0.7069640993212024 -0.636589331059299 -0.3081489669825865
0.5595442376421228 -0.8161270439397463 -0.1443845361237378
-1.99496137008763e-17 0.6487787884164797 0.7609770585903657
-9.9472925930544e-17 0.7613562464893675 0.6483337612153339
0.1584280376374776 0.7994967224837012 0.579401024876689
-0.1584280376374778 0.7994967224837012 0.579401024876689
-5.09083171914617e-17 0.8584357068582658 0.5129211802906464
0.1548894782576246 0.8872009423309113 0.4346075671824226
0.3009012203077072 0.8875499918592754 0.3488745728308853
-0.1548894782576248 0.8872009423309112 0.4346075671824225
-6.364750612184411e-17 0.9341723589627158 0.35682208977309
0.1496907296325145 0.9509496655719307 0.2707164919444669
0.2892410119114981 0.9401170227910867 0.1803319730021165
0.4151597015183852 0.9053615947141033 0.08923455077435699
-0.3009012203077072 0.8875499918592754 0.3488745728308852
-0.1496907296325145 0.9509496655719308 0.2707164919444669
-3.817874219184399e-17 0.9829279043938611 0.1839911268618481
0.1424731826702294 0.9854639038901843 0.09253262316249883
-0.2892410119114982 0.9401170227910867 0.1803319730021165
-0.1424731826702294 0.9854639038901843 0.09253262316249877
-0.4151597015183852 0.9053615947141033 0.08923455077435695
-0.1443845361237379 -0.5595442376421227 0.8161270439397463
-0.291783261575753 -0.5810242734872511 0.7597850497889702
-0.4060628790134955 -0.4506221496528158 0.7950173686967767
-0.3081489669825866 -0.7069640993212024 0.636589331059299
-0.4380284852812846 -0.587719214913799 0.680233173627464
-0.5483203372114387 -0.4525933751484886 0.7032098154690631
-0.6365893310592992 -0.3081489669825865 0.7069640993212023
-0.4525933751484886 -0.7032098154690632 0.5483203372114385
-0.577350269189626 -0.5773502691896257 0.5773502691896257
-0.680233173627464 -0.4380284852812846 0.587719214913799
-0.7597850497889703 -0.291783261575753 0.5810242734872509
-0.8161270439397464 -0.1443845361237379 0.5595442376421228
-0.4506221496528159 -0.7950173686967769 0.4060628790134953
-0.587719214913799 -0.6802331736274639 0.4380284852812844
-0.7032098154690632 -0.5483203372114385 0.4525933751484885
-0.7950173686967767 -0.4060628790134954 0.4506221496528157
-0.5810242734872511 -0.7597850497889702 0.2917832615757529
-0.7069640993212024 -0.636589331059299 0.3081489669825865
-0.5595442376421228 -0.8161270439397463 0.1443845361237378
-1.99496137008763e-17 -0.6487787884164797 -0.7609770585903657
-9.9472925930544e-17 -0.7613562464893675 -0.6483337612153339
0.1584280376374776 -0.7994967224837012 -0.579401024876689
-0.1584280376374778 -0.7994967224837012 -0.579401024876689
-5.09083171914617e-17 -0.8584357068582658 -0.5129211802906464
0.1548894782576246 -0.8872009423309113 -0.4346075671824226
0.3009012203077072 -0.8875499918592754 -0.3488745728308853
-0.1548894782576248 -0.8872009423309112 -0.4346075671824225
-6.364750612184411e-17 -0.9341723589627158 -0.35682208977309
0.1496907296325145 -0.9509496655719307 -0.2707164919444669
0.2892410119114981 -0.9401170227910867 -0.1803319730021165
0.4151597015183852 -0.9053615947141033 -0.08923455077435699
-0.3009012203077072 -0.8875499918592754 -0.3488745728308852
-0.1496907296325145 -0.9509496655719308 -0.2707164919444669
-3.817874219184399e-17 -0.9829279043938611 -0.1839911268618481
0.1424731826702294 -0.9854639038901843 -0.09253262316249883
-0.2892410119114982 -0.9401170227910867 -0.1803319730021165
-0.1424731826702294 -0.9854639038901843 -0.09253262316249877
-0.4151597015183852 -0.9053615947141033 -0.08923455077435695
0.08923455077435712 0.4151597015183851 0.9053615947141033
0.1803319730021166 0.2892410119114981 0.9401170227910867
0.09253262316249894 0.1424731826702294 0.9854639038901843
0.3488745728308855 0.3009012203077071 0.8875499918592754
0.270716491944467 0.1496907296325145 0.9509496655719307
0.1839911268618482 -3.817874219184399e-17 0.982927904393861
0.09253262316249891 -0.1424731826702294 0.9854639038901843
0.4346075671824227 0.1548894782576246 0.8872009423309112
0.3568220897730901 -1.504395599243588e-17 0.9341723589627158
0.270716491944467 -0.1496907296325145 0.9509496655719308
0.1803319730021166 -0.2892410119114981 0.9401170227910867
0.08923455077435713 -0.4151597015183851 0.9053615947141033
0.579401024876689 0.1584280376374776 0.7994967224837012
0.5129211802906464 -2.082612976014343e-17 0.8584357068582658
0.4346075671824228 -0.1548894782576247 0.8872009423309112
0.3488745728308855 -0.3009012203077071 0.8875499918592754
0.6483337612153338 0 0.7613562464893675
0.579401024876689 -0.1584280376374777 0.7994967224837013
0.7609770585903656 0 0.6487787884164797
0.1443845361237379 0.5595442376421227 0.8161270439397463
0.291783261575753 0.5810242734872511 0.7597850497889702
0.4060628790134955 0.4506221496528158 0.7950173686967767
0.3081489669825866 0.7069640993212024 0.636589331059299
0.4380284852812846 0.587719214913799 0.680233173627464
0.5483203372114387 0.4525933751484886 0.7032098154690631
0.6365893310592992 0.3081489669825865 0.7069640993212023
0.4525933751484886 0.7032098154690632 0.5483203372114385
0.577350269189626 0.5773502691896257 0.5773502691896257
0.680233173627464 0.4380284852812846 0.587719214913799
0.7597850497889703 0.291783261575753 0.5810242734872509
0.8161270439397464 0.1443845361237379 0.5595442376421228
0.4506221496528159 0.7950173686967769 0.4060628790134953
0.587719214913799 0.6802331736274639 0.4380284852812844
0.7032098154690632 0.5483203372114385 0.4525933751484885
0.7950173686967767 0.4060628790134954 0.4506221496528157
0.5810242734872511 0.7597850497889702 0.2917832615757529
0.7069640993212024 0.636589331059299 0.3081489669825865
0.5595442376421228 0.8161270439397463 0.1443845361237378
0.6487787884164797 -0.7609770585903656 0
0.7613562464893675 -0.6483337612153338 0
0.7994967224837013 -0.5794010248766891 -0.1584280376374777
0.7994967224837013 -0.5794010248766891 0.1584280376374777
0.8584357068582658 -0.5129211802906464 2.082612976014343e-17
0.8872009423309112 -0.4346075671824228 -0.1548894782576246
0.8875499918592754 -0.3488745728308855 -0.3009012203077071
0.8872009423309112 -0.4346075671824228 0.1548894782576247
0.9341723589627158 -0.3568220897730901 1.504395599243588e-17
0.9509496655719307 -0.270716491944467 -0.1496907296325145
0.9401170227910867 -0.1803319730021166 -0.2892410119114981
0.9053615947141033 -0.08923455077435713 -0.4151597015183851
0.8875499918592754 -0.3488745728308855 0.3009012203077071
0.9509496655719307 -0.2707164919444669 0.1496907296325145
0.9829279043938611 -0.1839911268618482 3.586487902870193e-17
0.9854639038901843 -0.09253262316249891 -0.1424731826702294
0.9401170227910867 -0.1803319730021166 0.2892410119114981
0.9854639038901843 -0.09253262316249891 0.1424731826702294
0.9053615947141033 -0.08923455077435712 0.4151597015183851
0.1443845361237379 0.5595442376421228 -0.8161270439397463
0.2917832615757529 0.5810242734872509 -0.7597850497889703
0.3081489669825865 0.7069640993212023 -0.636589331059299
0.4060628790134955 0.4506221496528157 -0.7950173686967767
0.4380284852812845 0.587719214913799 -0.6802331736274642
0.4525933751484886 0.7032098154690631 -0.5483203372114385
0.4506221496528159 0.7950173686967767 -0.4060628790134954
0.5483203372114385 0.4525933751484885 -0.7032098154690632
0.5773502691896258 0.5773502691896257 -0.5773502691896258
0.587719214913799 0.680233173627464 -0.4380284852812845
0.5810242734872512 0.7597850497889701 -0.291783261575753
0.5595442376421229 0.8161270439397463 -0.1443845361237378
0.636589331059299 0.3081489669825865 -0.7069640993212023
0.680233173627464 0.4380284852812844 -0.5877192149137989
0.7032098154690632 0.5483203372114385 -0.4525933751484886
0.7069640993212024 0.636589331059299 -0.3081489669825864
0.7597850497889702 0.2917832615757529 -0.5810242734872511
0.7950173686967767 0.4060628790134955 -0.4506221496528159
0.8161270439397464 0.1443845361237379 -0.5595442376421228
0.08923455077435713 0.4151597015183851 -0.9053615947141033
0.1803319730021166 0.2892410119114981 -0.9401170227910867
0.3488745728308855 0.3009012203077071 -0.8875499918592754
0.09253262316249891 0.1424731826702294 -0.9854639038901843
0.270716491944467 0.1496907296325145 -0.9509496655719308
0.4346075671824226 0.1548894782576247 -0.8872009423309112
0.5794010248766889 0.1584280376374777 -0.7994967224837013
0.1839911268618482 3.868143530825062e-17 -0.982927904393861
0.3568220897730901 1.54765558606782e-17 -0.9341723589627158
0.5129211802906464 2.026764361088073e-17 -0.8584357068582658
0.6483337612153338 0 -0.7613562464893675
0.7609770585903656 0 -0.6487787884164797
0.09253262316249894 -0.1424731826702294 -0.9854639038901843
0.270716491944467 -0.1496907296325145 -0.9509496655719307
0.4346075671824228 -0.1548894782576246 -0.8872009423309112
0.579401024876689 -0.1584280376374776 -0.7994967224837012
0.1803319730021166 -0.2892410119114981 -0.9401170227910867
0.3488745728308855 -0.3009012203077071 -0.8875499918592754
0.08923455077435713 -0.4151597015183851 -0.9053615947141033
0.6487787884164797 0.7609770585903656 0
0.7613562464893675 0.6483337612153338 0
0.7994967224837013 0.5794010248766891 0.1584280376374777
0.7994967224837013 0.5794010248766891 -0.1584280376374777
0.8584357068582658 0.5129211802906464 -2.082612976014343e-17
0.8872009423309112 0.4346075671824228 0.1548894782576246
0.8875499918592754 0.3488745728308855 0.3009012203077071
0.8872009423309112 0.4346075671824228 -0.1548894782576247
0.9341723589627158 0.3568220897730901 -1.504395599243588e-17
0.9509496655719307 0.270716491944467 0.1496907296325145
0.9401170227910867 0.1803319730021166 0.2892410119114981
0.9053615947141033 0.08923455077435713 0.4151597015183851
0.8875499918592754 0.3488745728308855 -0.3009012203077071
0.9509496655719307 0.2707164919444669 -0.1496907296325145
0.9829279043938611 0.1839911268618482 -3.586487902870193e-17
0.9854639038901843 0.09253262316249891 0.1424731826702294
0.9401170227910867 0.1803319730021166 -0.2892410119114981
0.9854639038901843 0.09253262316249891 -0.1424731826702294
0.9053615947141033 0.08923455077435712 -0.4151597015183851
-0.1443845361237379 0.5595442376421228 0.8161270439397463
-0.2917832615757529 0.5810242734872509 0.7597850497889703
-0.3081489669825865 0.7069640993212023 0.636589331059299
-0.4060628790134955 0.4506221496528157 0.7950173686967767
-0.4380284852812845 0.587719214913799 0.6802331736274642
-0.4525933751484886 0.7032098154690631 0.5483203372114385
-0.4506221496528159 0.7950173686967767 0.4060628790134954
-0.5483203372114385 0.4525933751484885 0.7032098154690632
-0.5773502691896258 0.5773502691896257 0.5773502691896258
-0.587719214913799 0.680233173627464 0.4380284852812845
-0.5810242734872512 0.7597850497889701 0.291783261575753
-0.5595442376421229 0.8161270439397463 0.1443845361237378
-0.636589331059299 0.3081489669825865 0.7069640993212023
-0.680233173627464 0.4380284852812844 0.5877192149137989
-0.7032098154690632 0.5483203372114385 0.4525933751484886
-0.7069640993212024 0.636589331059299 0.3081489669825864
-0.7597850497889702 0.2917832615757529 0.5810242734872511
-0.7950173686967767 0.4060628790134955 0.4506221496528159
-0.8161270439397464 0.1443845361237379 0.5595442376421228
-0.6487787884164797 0.7609770585903656 0
-0.7613562464893675 0.6483337612153338 0
-0.7994967224837013 0.5794010248766891 -0.1584280376374777
-0.7994967224837013 0.5794010248766891 0.1584280376374777
-0.8584357068582658 0.5129211802906464 2.082612976014343e-17
-0.8872009423309112 0.4346075671824228 -0.1548894782576246
-0.8875499918592754 0.3488745728308855 -0.3009012203077071
-0.8872009423309112 0.4346075671824228 0.1548894782576247
-0.9341723589627158 0.3568220897730901 1.504395599243588e-17
-0.9509496655719307 0.270716491944467 -0.1496907296325145
-0.9401170227910867 0.1803319730021166 -0.2892410119114981
-0.9053615947141033 0.08923455077435713 -0.4151597015183851
-0.8875499918592754 0.3488745728308855 0.3009012203077071
-0.9509496655719307 0.2707164919444669 0.1496907296325145
-0.9829279043938611 0.1839911268618482 3.586487902870193e-17
-0.9854639038901843 0.09253262316249891 -0.1424731826702294
-0.9401170227910867 0.1803319730021166 0.2892410119114981
-0.9854639038901843 0.09253262316249891 0.1424731826702294
-0.9053615947141033 0.08923455077435712 0.4151597015183851
-0.1443845361237379 0.5595442376421227 -0.8161270439397463
-0.291783261575753 0.5810242734872511 -0.7597850497889702
-0.4060628790134955 0.4506221496528158 -0.7950173686967767
-0.3081489669825866 0.7069640993212024 -0.636589331059299
-0.4380284852812846 0.587719214913799 -0.680233173627464
-0.5483203372114387 0.4525933751484886 -0.7032098154690631
-0.6365893310592992 0.3081489669825865 -0.7069640993212023
-0.4525933751484886 0.7032098154690632 -0.5483203372114385
-0.577350269189626 0.5773502691896257 -0.5773502691896257
-0.680233173627464 0.4380284852812846 -0.587719214913799
-0.7597850497889703 0.291783261575753 -0.5810242734872509
-0.8161270439397464 0.1443845361237379 -0.5595442376421228
-0.4506221496528159 0.7950173686967769 -0.4060628790134953
-0.587719214913799 0.6802331736274639 -0.4380284852812844
-0.7032098154690632 0.5483203372114385 -0.4525933751484885
-0.7950173686967767 0.4060628790134954 -0.4506221496528157
-0.5810242734872511 0.7597850497889702 -0.2917832615757529
-0.7069640993212024 0.636589331059299 -0.3081489669825865
-0.5595442376421228 0.8161270439397463 -0.1443845361237378
-0.6487787884164797 -0.7609770585903656 0
-0.7613562464893675 -0.6483337612153338 0
-0.7994967224837013 -0.5794010248766891 0.1584280376374777
-0.7994967224837013 -0.5794010248766891 -0.1584280376374777
-0.8584357068582658 -0.5129211802906464 -2.082612976014343e-17
-0.8872009423309112 -0.4346075671824228 0.1548894782576246
-0.8875499918592754 -0.3488745728308855 0.3009012203077071
-0.8872009423309112 -0.4346075671824228 -0.1548894782576247
-0.9341723589627158 -0.3568220897730901 -1.504395599243588e-17
-0.9509496655719307 -0.270716491944467 0.1496907296325145
-0.9401170227910867 -0.1803319730021166 0.2892410119114981
-0.9053615947141033 -0.08923455077435713 0.4151597015183851
-0.8875499918592754 -0.3488745728308855 -0.3009012203077071
-0.9509496655719307 -0.2707164919444669 -0.1496907296325145
-0.9829279043938611 -0.1839911268618482 -3.586487902870193e-17
-0.9854639038901843 -0.09253262316249891 0.1424731826702294
-0.9401170227910867 -0.1803319730021166 -0.2892410119114981
-0.9854639038901843 -0.09253262316249891 -0.1424731826702294
-0.9053615947141033 -0.08923455077435712 -0.4151597015183851
